0.040000 
0.045000 
0.050000 
0.055000 
0.060000 
0.065000 
0.070000 
0.075000 
0.080000 
0.040000 
0.045000 
0.050000 
0.055000 
0.060000 
0.065000 
0.070000 
0.075000 
0.080000 
0.040000 
0.045000 
0.050000 
0.055000 
0.060000 
0.065000 
0.070000 
0.075000 
0.080000 
0.040000 
0.045000 
0.050000 
0.055000 
0.060000 
0.065000 
0.070000 
0.075000 
0.080000 
0.040000 
0.045000 
0.050000 
0.055000 
0.060000 
0.065000 
0.070000 
0.075000 
0.080000 
0.040000 
0.045000 
0.050000 
0.055000 
0.060000 
0.065000 
0.070000 
0.075000 
0.080000 
