   1.0000000e+01   8.2385880e-06
   1.0292005e+01   7.6477750e-06
   1.0592537e+01   8.8902720e-06
   1.0901845e+01   9.1362380e-06
   1.1220185e+01   8.8523350e-06
   1.1547820e+01   8.5307490e-06
   1.1885022e+01   8.6910350e-06
   1.2232071e+01   9.3083250e-06
   1.2589254e+01   9.0451050e-06
   1.2956867e+01   9.9740100e-06
   1.3335214e+01   7.1075120e-06
   1.3724610e+01   7.2445480e-06
   1.4125375e+01   8.5347440e-06
   1.4537844e+01   7.2706840e-06
   1.4962357e+01   7.4157570e-06
   1.5399265e+01   1.0010210e-05
   1.5848932e+01   1.5078080e-05
   1.6311729e+01   8.6571310e-06
   1.6788040e+01   8.0659750e-06
   1.7278260e+01   1.0636870e-05
   1.7782794e+01   8.7047970e-06
   1.8302061e+01   9.0172830e-06
   1.8836491e+01   7.6746420e-06
   1.9386526e+01   8.2605690e-06
   1.9952623e+01   8.0755320e-06
   2.0535250e+01   8.6642160e-06
   2.1134890e+01   6.7226670e-06
   2.1752040e+01   8.2152890e-06
   2.2387211e+01   7.8690390e-06
   2.3040930e+01   8.0806000e-06
   2.3713737e+01   7.5155490e-06
   2.4406191e+01   8.0497700e-06
   2.5118864e+01   9.7150590e-06
   2.5852348e+01   8.3959220e-06
   2.6607251e+01   7.6745010e-06
   2.7384196e+01   8.8911670e-06
   2.8183829e+01   8.3711820e-06
   2.9006812e+01   7.7882600e-06
   2.9853826e+01   9.0624310e-06
   3.0725574e+01   8.1136890e-06
   3.1622777e+01   1.0406010e-05
   3.2546178e+01   9.0112390e-06
   3.3496544e+01   8.7172080e-06
   3.4474661e+01   7.6176730e-06
   3.5481339e+01   7.6507040e-06
   3.6517413e+01   7.8616120e-06
   3.7583740e+01   7.7706430e-06
   3.8681205e+01   7.7836540e-06
   3.9810717e+01   7.1939240e-06
   4.0973211e+01   8.1326100e-06
   4.2169650e+01   8.4649750e-06
   4.3401026e+01   7.8929510e-06
   4.4668359e+01   8.8076850e-06
   4.5972699e+01   8.3036880e-06
   4.7315126e+01   1.0218740e-05
   4.8696753e+01   8.4487310e-06
   5.0118723e+01   1.3844600e-05
   5.1582217e+01   8.6708550e-06
   5.3088444e+01   7.1226150e-06
   5.4638655e+01   7.3707880e-06
   5.6234133e+01   7.5045610e-06
   5.7876199e+01   7.3197930e-06
   5.9566214e+01   7.8085740e-06
   6.1305579e+01   7.2212650e-06
   6.3095734e+01   8.2893400e-06
   6.4938163e+01   8.0283310e-06
   6.6834392e+01   6.9039650e-06
   6.8785991e+01   6.8696540e-06
   7.0794578e+01   7.0751040e-06
   7.2861817e+01   7.7526220e-06
   7.4989421e+01   7.2170110e-06
   7.7179152e+01   8.3513460e-06
   7.9432823e+01   7.4082670e-06
   8.1752304e+01   6.8706460e-06
   8.4139514e+01   6.4885950e-06
   8.6596432e+01   7.5033450e-06
   8.9125094e+01   6.8858270e-06
   9.1727594e+01   7.5803420e-06
   9.4406088e+01   8.2639030e-06
   9.7162795e+01   6.4693470e-06
   1.0000000e+02   3.5945640e-06
   1.0292005e+02   3.0533930e-06
   1.0592537e+02   3.8305020e-06
   1.0901845e+02   4.2002670e-06
   1.1220185e+02   2.7471020e-06
   1.1547820e+02   2.2087660e-06
   1.1885022e+02   3.3055040e-06
   1.2232071e+02   3.1902650e-06
   1.2589254e+02   3.5285190e-06
   1.2956867e+02   2.7607800e-06
   1.3335214e+02   2.2082940e-06
   1.3724610e+02   2.4341120e-06
   1.4125375e+02   4.1686710e-06
   1.4537844e+02   3.0018680e-06
   1.4962357e+02   1.4486060e-05
   1.5399265e+02   3.4231520e-06
   1.5848932e+02   4.2806660e-06
   1.6311729e+02   3.2599090e-06
   1.6788040e+02   2.3059250e-06
   1.7278260e+02   4.1864720e-06
   1.7782794e+02   3.5815100e-06
   1.8302061e+02   2.3248460e-06
   1.8836491e+02   3.8801890e-06
   1.9386526e+02   2.5226120e-06
   1.9952623e+02   4.2494120e-06
   2.0535250e+02   3.6779350e-06
   2.1134890e+02   8.2811770e-06
   2.1752040e+02   3.0540700e-06
   2.2387211e+02   2.7973850e-06
   2.3040930e+02   2.4715010e-06
   2.3713737e+02   3.2521920e-06
   2.4406191e+02   3.5873390e-06
   2.5118864e+02   8.5913760e-06
   2.5852348e+02   3.1371560e-06
   2.6607251e+02   3.1750710e-06
   2.7384196e+02   2.5754730e-06
   2.8183829e+02   3.3844030e-06
   2.9006812e+02   3.0598420e-06
   2.9853826e+02   3.3450950e-06
   3.0725574e+02   2.4050990e-06
   3.1622777e+02   3.0250080e-06
   3.2546178e+02   3.0980000e-06
   3.3496544e+02   2.6731740e-06
   3.4474661e+02   4.0665810e-06
   3.5481339e+02   6.6108960e-06
   3.6517413e+02   2.6570540e-06
   3.7583740e+02   3.2988020e-06
   3.8681205e+02   3.5357890e-06
   3.9810717e+02   2.8257160e-06
   4.0973211e+02   2.6995780e-06
   4.2169650e+02   4.5494610e-06
   4.3401026e+02   2.5870760e-06
   4.4668359e+02   3.0207490e-06
   4.5972699e+02   3.0679620e-06
   4.7315126e+02   3.0210090e-06
   4.8696753e+02   2.7343890e-06
   5.0118723e+02   3.0069020e-06
   5.1582217e+02   2.8751110e-06
   5.3088444e+02   2.6092140e-06
   5.4638655e+02   3.0634120e-06
   5.6234133e+02   2.6278600e-06
   5.7876199e+02   2.6976870e-06
   5.9566214e+02   2.6190480e-06
   6.1305579e+02   2.3407280e-06
   6.3095734e+02   3.2177700e-06
   6.4938163e+02   2.9505460e-06
   6.6834392e+02   2.4943500e-06
   6.8785991e+02   2.6344790e-06
   7.0794578e+02   2.7278000e-06
   7.2861817e+02   2.7271040e-06
   7.4989421e+02   3.1547000e-06
   7.7179152e+02   2.5609200e-06
   7.9432823e+02   2.7391890e-06
   8.1752304e+02   2.8163120e-06
   8.4139514e+02   3.5704750e-06
   8.6596432e+02   2.6115350e-06
   8.9125094e+02   2.4348720e-06
   9.1727594e+02   2.4758750e-06
   9.4406088e+02   2.5651420e-06
   9.7162795e+02   2.7163660e-06
   1.0000000e+03   1.3193090e-06
   1.0292005e+03   1.9231560e-06
   1.0592537e+03   2.1195010e-06
   1.0901845e+03   1.7704160e-06
   1.1220185e+03   1.8489780e-06
   1.1547820e+03   1.4796350e-06
   1.1885022e+03   1.8574820e-06
   1.2232071e+03   1.6038900e-06
   1.2589254e+03   2.2338490e-06
   1.2956867e+03   1.1242620e-06
   1.3335214e+03   1.9211770e-06
   1.3724610e+03   1.1024590e-06
   1.4125375e+03   1.3497080e-06
   1.4537844e+03   1.9638760e-06
   1.4962357e+03   1.5780940e-06
   1.5399265e+03   1.5292640e-06
   1.5848932e+03   1.3171260e-06
   1.6311729e+03   1.7231370e-06
   1.6788040e+03   1.8815240e-06
   1.7278260e+03   2.0151270e-06
   1.7782794e+03   1.7886100e-06
   1.8302061e+03   1.4002890e-06
   1.8836491e+03   1.7319260e-06
   1.9386526e+03   1.3643530e-06
   1.9952623e+03   1.4036030e-06
   2.0535250e+03   1.3707290e-06
   2.1134890e+03   1.4604810e-06
   2.1752040e+03   1.3819870e-06
   2.2387211e+03   1.4691490e-06
   2.3040930e+03   1.3996040e-06
   2.3713737e+03   1.4899950e-06
   2.4406191e+03   1.2994820e-06
   2.5118864e+03   1.5483940e-06
   2.5852348e+03   1.4894890e-06
   2.6607251e+03   1.3343790e-06
   2.7384196e+03   1.3470830e-06
   2.8183829e+03   1.3073940e-06
   2.9006812e+03   1.4019540e-06
   2.9853826e+03   1.7869620e-06
   3.0725574e+03   1.6741700e-06
   3.1622777e+03   1.5173400e-06
   3.2546178e+03   1.0745520e-06
   3.3496544e+03   1.3248280e-06
   3.4474661e+03   1.2952630e-06
   3.5481339e+03   1.3965980e-06
   3.6517413e+03   1.4200540e-06
   3.7583740e+03   1.3086620e-06
   3.8681205e+03   1.3076710e-06
   3.9810717e+03   1.3185670e-06
   4.0973211e+03   1.9513750e-06
   4.2169650e+03   1.3446040e-06
   4.3401026e+03   1.3827110e-06
   4.4668359e+03   1.2829130e-06
   4.5972699e+03   1.4110290e-06
   4.7315126e+03   1.1073040e-06
   4.8696753e+03   1.3398470e-06
   5.0118723e+03   1.1400640e-06
   5.1582217e+03   1.3557560e-06
   5.3088444e+03   1.3293000e-06
   5.4638655e+03   1.0844900e-06
   5.6234133e+03   1.1684790e-06
   5.7876199e+03   1.2462390e-06
   5.9566214e+03   1.0483330e-06
   6.1305579e+03   1.3116350e-06
   6.3095734e+03   1.1558530e-06
   6.4938163e+03   1.0454770e-06
   6.6834392e+03   1.0520560e-06
   6.8785991e+03   1.1424320e-06
   7.0794578e+03   1.0929850e-06
   7.2861817e+03   1.2077280e-06
   7.4989421e+03   1.0933400e-06
   7.7179152e+03   1.0203830e-06
   7.9432823e+03   1.1580060e-06
   8.1752304e+03   1.0347320e-06
   8.4139514e+03   1.0180600e-06
   8.6596432e+03   1.0978740e-06
   8.9125094e+03   1.1102500e-06
   9.1727594e+03   1.1380900e-06
   9.4406088e+03   9.9905790e-07
   9.7162795e+03   1.1984070e-06
   1.0000000e+04   7.2902980e-07
   1.0292005e+04   5.2616690e-07
   1.0592537e+04   6.8199840e-07
   1.0901845e+04   8.1766260e-07
   1.1220185e+04   7.9608870e-07
   1.1547820e+04   5.9350720e-07
   1.1885022e+04   7.9009050e-07
   1.2232071e+04   8.1245300e-07
   1.2589254e+04   6.2595720e-07
   1.2956867e+04   8.1814870e-07
   1.3335214e+04   7.5193900e-07
   1.3724610e+04   6.0627090e-07
   1.4125375e+04   5.8119420e-07
   1.4537844e+04   9.0674980e-07
   1.4962357e+04   6.0588730e-07
   1.5399265e+04   8.5660920e-07
   1.5848932e+04   8.2252640e-07
   1.6311729e+04   7.8232340e-07
   1.6788040e+04   8.9616590e-07
   1.7278260e+04   8.5515180e-07
   1.7782794e+04   8.2817090e-07
   1.8302061e+04   8.6990520e-07
   1.8836491e+04   6.5926140e-07
   1.9386526e+04   6.7562970e-07
   1.9952623e+04   1.2704140e-06
   2.0535250e+04   2.3869820e-06
   2.1134890e+04   7.0617450e-07
   2.1752040e+04   8.1609880e-07
   2.2387211e+04   8.4814670e-07
   2.3040930e+04   8.5370750e-07
   2.3713737e+04   8.5639450e-07
   2.4406191e+04   6.6834630e-07
   2.5118864e+04   7.9705080e-07
   2.5852348e+04   8.6716350e-07
   2.6607251e+04   6.2559070e-07
   2.7384196e+04   7.9842380e-07
   2.8183829e+04   6.8608390e-07
   2.9006812e+04   6.7724200e-07
   2.9853826e+04   7.5441820e-07
   3.0725574e+04   8.2277010e-07
   3.1622777e+04   7.5334740e-07
   3.2546178e+04   8.3479960e-07
   3.3496544e+04   7.6143090e-07
   3.4474661e+04   7.2115730e-07
   3.5481339e+04   6.0372110e-07
   3.6517413e+04   7.6749380e-07
   3.7583740e+04   6.1080330e-07
   3.8681205e+04   6.6994700e-07
   3.9810717e+04   6.9235410e-07
   4.0973211e+04   6.9020540e-07
   4.2169650e+04   6.5197420e-07
   4.3401026e+04   5.9435090e-07
   4.4668359e+04   8.1222080e-07
   4.5972699e+04   7.7470380e-07
   4.7315126e+04   6.6472300e-07
   4.8696753e+04   6.0819150e-07
   5.0118723e+04   7.7575880e-07
   5.1582217e+04   6.4525950e-07
   5.3088444e+04   6.6125680e-07
   5.4638655e+04   6.9049580e-07
   5.6234133e+04   7.0710630e-07
   5.7876199e+04   6.4109880e-07
   5.9566214e+04   5.7019440e-07
   6.1305579e+04   6.5269440e-07
   6.3095734e+04   9.2483960e-07
   6.4938163e+04   1.1361860e-06
   6.6834392e+04   6.7100450e-07
   6.8785991e+04   5.9018010e-07
   7.0794578e+04   6.0934460e-07
   7.2861817e+04   7.0704520e-07
   7.4989421e+04   6.5052530e-07
   7.7179152e+04   6.8212110e-07
   7.9432823e+04   6.2358950e-07
   8.1752304e+04   5.7347020e-07
   8.4139514e+04   6.1344410e-07
   8.6596432e+04   6.5645450e-07
   8.9125094e+04   5.6385320e-07
   9.1727594e+04   5.7337980e-07
   9.4406088e+04   8.0192660e-07
   9.7162795e+04   5.0723390e-07
   1.0000000e+05   5.3363990e-07
