   1.0000000e+01   2.2831980e-06
   1.0292005e+01   2.7175390e-06
   1.0592537e+01   3.2455840e-06
   1.0901845e+01   1.9503760e-06
   1.1220185e+01   3.0214130e-06
   1.1547820e+01   2.2653980e-06
   1.1885022e+01   2.5374640e-06
   1.2232071e+01   2.6779930e-06
   1.2589254e+01   2.1866540e-06
   1.2956867e+01   2.1005200e-06
   1.3335214e+01   2.1728800e-06
   1.3724610e+01   2.7490810e-06
   1.4125375e+01   2.7014330e-06
   1.4537844e+01   1.9969040e-06
   1.4962357e+01   1.5992790e-06
   1.5399265e+01   3.0521430e-06
   1.5848932e+01   3.6132310e-06
   1.6311729e+01   2.1999860e-06
   1.6788040e+01   2.7099260e-06
   1.7278260e+01   2.9304420e-06
   1.7782794e+01   2.2877300e-06
   1.8302061e+01   2.2105040e-06
   1.8836491e+01   2.2961640e-06
   1.9386526e+01   2.5418390e-06
   1.9952623e+01   1.9178120e-06
   2.0535250e+01   2.1290980e-06
   2.1134890e+01   1.6790350e-06
   2.1752040e+01   2.6013920e-06
   2.2387211e+01   1.9210320e-06
   2.3040930e+01   2.0765410e-06
   2.3713737e+01   2.5834200e-06
   2.4406191e+01   3.2849430e-06
   2.5118864e+01   2.8346970e-06
   2.5852348e+01   2.0321200e-06
   2.6607251e+01   2.1472920e-06
   2.7384196e+01   1.9084100e-06
   2.8183829e+01   2.1569580e-06
   2.9006812e+01   2.1643200e-06
   2.9853826e+01   2.3033890e-06
   3.0725574e+01   2.2582480e-06
   3.1622777e+01   3.0657850e-06
   3.2546178e+01   1.9588540e-06
   3.3496544e+01   2.2585010e-06
   3.4474661e+01   2.1661220e-06
   3.5481339e+01   2.2210790e-06
   3.6517413e+01   1.9725930e-06
   3.7583740e+01   2.3683660e-06
   3.8681205e+01   2.1532550e-06
   3.9810717e+01   2.0792480e-06
   4.0973211e+01   2.0464830e-06
   4.2169650e+01   2.2439890e-06
   4.3401026e+01   2.4192740e-06
   4.4668359e+01   2.3443980e-06
   4.5972699e+01   2.1474140e-06
   4.7315126e+01   2.8612830e-06
   4.8696753e+01   2.2856040e-06
   5.0118723e+01   1.5265330e-05
   5.1582217e+01   3.9348330e-06
   5.3088444e+01   2.2376210e-06
   5.4638655e+01   1.9381000e-06
   5.6234133e+01   1.9433260e-06
   5.7876199e+01   2.1227090e-06
   5.9566214e+01   2.2311240e-06
   6.1305579e+01   2.3825670e-06
   6.3095734e+01   2.6828450e-06
   6.4938163e+01   2.0041100e-06
   6.6834392e+01   2.1744370e-06
   6.8785991e+01   2.2483680e-06
   7.0794578e+01   2.2784950e-06
   7.2861817e+01   1.9393260e-06
   7.4989421e+01   1.9096520e-06
   7.7179152e+01   2.3357440e-06
   7.9432823e+01   2.1875520e-06
   8.1752304e+01   2.0581650e-06
   8.4139514e+01   1.8475410e-06
   8.6596432e+01   2.1142070e-06
   8.9125094e+01   1.7618550e-06
   9.1727594e+01   2.0790890e-06
   9.4406088e+01   2.2565540e-06
   9.7162795e+01   1.8165850e-06
   1.0000000e+02   1.9826960e-06
   1.0292005e+02   1.1360590e-06
   1.0592537e+02   1.1819230e-06
   1.0901845e+02   1.3350430e-06
   1.1220185e+02   1.4406150e-06
   1.1547820e+02   1.1733760e-06
   1.1885022e+02   1.4873030e-06
   1.2232071e+02   1.0131880e-06
   1.2589254e+02   1.3810320e-06
   1.2956867e+02   1.1025190e-06
   1.3335214e+02   1.1978460e-06
   1.3724610e+02   1.1395150e-06
   1.4125375e+02   1.4664850e-06
   1.4537844e+02   1.1791840e-06
   1.4962357e+02   1.3872540e-05
   1.5399265e+02   1.4899030e-06
   1.5848932e+02   2.0659630e-06
   1.6311729e+02   1.4122970e-06
   1.6788040e+02   1.2958840e-06
   1.7278260e+02   1.5434650e-06
   1.7782794e+02   1.7722850e-06
   1.8302061e+02   1.3786480e-06
   1.8836491e+02   1.4346930e-06
   1.9386526e+02   1.3061680e-06
   1.9952623e+02   2.7179270e-06
   2.0535250e+02   1.3592140e-06
   2.1134890e+02   8.4796860e-06
   2.1752040e+02   1.4510590e-06
   2.2387211e+02   9.3804400e-07
   2.3040930e+02   1.4055950e-06
   2.3713737e+02   1.2401100e-06
   2.4406191e+02   1.3937310e-06
   2.5118864e+02   6.5466000e-06
   2.5852348e+02   1.8966750e-06
   2.6607251e+02   1.3460010e-06
   2.7384196e+02   1.1566500e-06
   2.8183829e+02   1.2143140e-06
   2.9006812e+02   1.2114880e-06
   2.9853826e+02   1.8810780e-06
   3.0725574e+02   1.3715450e-06
   3.1622777e+02   1.3202720e-06
   3.2546178e+02   1.2001750e-06
   3.3496544e+02   1.1102210e-06
   3.4474661e+02   3.2853440e-06
   3.5481339e+02   6.4094820e-06
   3.6517413e+02   1.7098390e-06
   3.7583740e+02   1.2887690e-06
   3.8681205e+02   1.3269130e-06
   3.9810717e+02   1.4245760e-06
   4.0973211e+02   1.2684220e-06
   4.2169650e+02   3.3966260e-06
   4.3401026e+02   1.2981110e-06
   4.4668359e+02   1.9564990e-06
   4.5972699e+02   1.3806930e-06
   4.7315126e+02   1.3917830e-06
   4.8696753e+02   1.3428580e-06
   5.0118723e+02   1.4335800e-06
   5.1582217e+02   1.2875750e-06
   5.3088444e+02   1.4492280e-06
   5.4638655e+02   1.3953120e-06
   5.6234133e+02   1.2520470e-06
   5.7876199e+02   1.2579430e-06
   5.9566214e+02   1.5281330e-06
   6.1305579e+02   1.2715250e-06
   6.3095734e+02   1.9899600e-06
   6.4938163e+02   1.6226390e-06
   6.6834392e+02   1.3944550e-06
   6.8785991e+02   1.5429550e-06
   7.0794578e+02   1.2795760e-06
   7.2861817e+02   1.6772390e-06
   7.4989421e+02   1.8668100e-06
   7.7179152e+02   1.4575420e-06
   7.9432823e+02   1.4053080e-06
   8.1752304e+02   1.4163110e-06
   8.4139514e+02   3.0390720e-06
   8.6596432e+02   1.2038500e-06
   8.9125094e+02   1.3100880e-06
   9.1727594e+02   1.2246770e-06
   9.4406088e+02   1.9577810e-06
   9.7162795e+02   1.4369450e-06
   1.0000000e+03   1.3058400e-06
   1.0292005e+03   1.0271000e-06
   1.0592537e+03   1.6055240e-06
   1.0901845e+03   1.4397340e-06
   1.1220185e+03   1.0742740e-06
   1.1547820e+03   1.5825340e-06
   1.1885022e+03   1.0859850e-06
   1.2232071e+03   1.5176810e-06
   1.2589254e+03   1.2539690e-06
   1.2956867e+03   8.0942940e-07
   1.3335214e+03   1.4478580e-06
   1.3724610e+03   1.1029760e-06
   1.4125375e+03   9.8759030e-07
   1.4537844e+03   1.0714470e-06
   1.4962357e+03   1.1436730e-06
   1.5399265e+03   1.2537510e-06
   1.5848932e+03   1.0134560e-06
   1.6311729e+03   1.3306330e-06
   1.6788040e+03   1.2962780e-06
   1.7278260e+03   1.5357160e-06
   1.7782794e+03   1.6868090e-06
   1.8302061e+03   1.1574430e-06
   1.8836491e+03   1.3413920e-06
   1.9386526e+03   1.3194240e-06
   1.9952623e+03   1.6692090e-06
   2.0535250e+03   1.5280450e-06
   2.1134890e+03   1.6030300e-06
   2.1752040e+03   1.4785590e-06
   2.2387211e+03   1.3119130e-06
   2.3040930e+03   1.4743840e-06
   2.3713737e+03   1.3191610e-06
   2.4406191e+03   1.6092020e-06
   2.5118864e+03   1.5101080e-06
   2.5852348e+03   1.4361800e-06
   2.6607251e+03   1.0400240e-06
   2.7384196e+03   1.5665150e-06
   2.8183829e+03   1.3717360e-06
   2.9006812e+03   1.1243230e-06
   2.9853826e+03   1.2767480e-06
   3.0725574e+03   1.3282990e-06
   3.1622777e+03   1.3316190e-06
   3.2546178e+03   1.6689150e-06
   3.3496544e+03   1.1546840e-06
   3.4474661e+03   1.4648840e-06
   3.5481339e+03   1.4447540e-06
   3.6517413e+03   1.5787050e-06
   3.7583740e+03   1.4459740e-06
   3.8681205e+03   1.4472900e-06
   3.9810717e+03   1.3962730e-06
   4.0973211e+03   1.3625340e-06
   4.2169650e+03   1.5763190e-06
   4.3401026e+03   1.4084580e-06
   4.4668359e+03   1.1684870e-06
   4.5972699e+03   1.3142930e-06
   4.7315126e+03   1.2539940e-06
   4.8696753e+03   1.2728650e-06
   5.0118723e+03   1.3972660e-06
   5.1582217e+03   1.4969200e-06
   5.3088444e+03   1.5091920e-06
   5.4638655e+03   1.3673710e-06
   5.6234133e+03   1.4407130e-06
   5.7876199e+03   1.5340870e-06
   5.9566214e+03   1.7622930e-06
   6.1305579e+03   1.5327510e-06
   6.3095734e+03   1.5595340e-06
   6.4938163e+03   1.3957950e-06
   6.6834392e+03   1.4948430e-06
   6.8785991e+03   1.7301060e-06
   7.0794578e+03   1.4700140e-06
   7.2861817e+03   1.3135330e-06
   7.4989421e+03   1.4388260e-06
   7.7179152e+03   1.4453870e-06
   7.9432823e+03   1.7048450e-06
   8.1752304e+03   1.6153900e-06
   8.4139514e+03   1.5260390e-06
   8.6596432e+03   1.7429510e-06
   8.9125094e+03   1.4074540e-06
   9.1727594e+03   1.6067720e-06
   9.4406088e+03   1.9768080e-06
   9.7162795e+03   1.5316550e-06
   1.0000000e+04   1.4578160e-06
   1.0292005e+04   1.7596290e-06
   1.0592537e+04   9.0440800e-07
   1.0901845e+04   1.4075590e-06
   1.1220185e+04   1.4937170e-06
   1.1547820e+04   1.8646780e-06
   1.1885022e+04   1.6393960e-06
   1.2232071e+04   2.6234090e-06
   1.2589254e+04   2.0060390e-06
   1.2956867e+04   1.8417870e-06
   1.3335214e+04   1.6491680e-06
   1.3724610e+04   1.6497540e-06
   1.4125375e+04   1.8505800e-06
   1.4537844e+04   1.6149120e-06
   1.4962357e+04   2.0736790e-06
   1.5399265e+04   2.1730980e-06
   1.5848932e+04   2.0952180e-06
   1.6311729e+04   2.3869610e-06
   1.6788040e+04   1.8955570e-06
   1.7278260e+04   1.8609490e-06
   1.7782794e+04   2.4547690e-06
   1.8302061e+04   2.6416780e-06
   1.8836491e+04   2.5673690e-06
   1.9386526e+04   2.9478960e-06
   1.9952623e+04   2.2184430e-06
   2.0535250e+04   3.4012970e-06
   2.1134890e+04   2.1382210e-06
   2.1752040e+04   3.3651610e-06
   2.2387211e+04   3.2771580e-06
   2.3040930e+04   2.8931050e-06
   2.3713737e+04   3.3520930e-06
   2.4406191e+04   2.9697230e-06
   2.5118864e+04   4.0772830e-06
   2.5852348e+04   3.5743840e-06
   2.6607251e+04   3.4053370e-06
   2.7384196e+04   3.8575340e-06
   2.8183829e+04   4.4070110e-06
   2.9006812e+04   4.5079990e-06
   2.9853826e+04   5.7128890e-06
   3.0725574e+04   4.9549450e-06
   3.1622777e+04   7.0359750e-06
   3.2546178e+04   6.9860280e-06
   3.3496544e+04   9.4056010e-06
   3.4474661e+04   1.3169910e-05
   3.5481339e+04   1.7185190e-05
   3.6517413e+04   1.9509010e-05
   3.7583740e+04   1.6533190e-05
   3.8681205e+04   1.2489360e-05
   3.9810717e+04   1.0430080e-05
   4.0973211e+04   7.2349340e-06
   4.2169650e+04   6.3438780e-06
   4.3401026e+04   5.0546490e-06
   4.4668359e+04   4.5626780e-06
   4.5972699e+04   3.9782170e-06
   4.7315126e+04   2.9173330e-06
   4.8696753e+04   3.2629240e-06
   5.0118723e+04   2.2537430e-06
   5.1582217e+04   2.1940750e-06
   5.3088444e+04   2.2252290e-06
   5.4638655e+04   1.7722180e-06
   5.6234133e+04   1.7311290e-06
   5.7876199e+04   1.3312800e-06
   5.9566214e+04   1.2005720e-06
   6.1305579e+04   1.1621660e-06
   6.3095734e+04   1.5406230e-06
   6.4938163e+04   1.5992120e-06
   6.6834392e+04   9.9252540e-07
   6.8785991e+04   1.0874500e-06
   7.0794578e+04   7.9183540e-07
   7.2861817e+04   8.8382730e-07
   7.4989421e+04   8.8747160e-07
   7.7179152e+04   7.8907660e-07
   7.9432823e+04   7.3664610e-07
   8.1752304e+04   7.1296240e-07
   8.4139514e+04   6.0951520e-07
   8.6596432e+04   6.3106920e-07
   8.9125094e+04   5.6005560e-07
   9.1727594e+04   5.9818670e-07
   9.4406088e+04   6.8497920e-07
   9.7162795e+04   5.6110140e-07
   1.0000000e+05   5.1828430e-07
