   1.9999981e+01   5.7556620e-05  -3.0882460e-05
   2.0214048e+01   4.9132660e-05  -3.4985970e-05
   2.0430406e+01   4.0938430e-05  -3.7765020e-05
   2.0649081e+01   3.3108710e-05  -3.9357540e-05
   2.0870095e+01   2.5750980e-05  -3.9905520e-05
   2.1093476e+01   1.8947090e-05  -3.9551560e-05
   2.1319247e+01   1.2755500e-05  -3.8435780e-05
   2.1547434e+01   7.2134380e-06  -3.6693370e-05
   2.1778065e+01   2.3392730e-06  -3.4452500e-05
   2.2011163e+01  -1.8650660e-06  -3.1832700e-05
   2.2246757e+01  -5.4117220e-06  -2.8943650e-05
   2.2484872e+01  -1.8849340e-06  -2.5149960e-05
   2.2725536e+01   7.6075470e-07  -2.1588530e-05
   2.2968776e+01   2.6781720e-06  -1.8307680e-05
   2.3214619e+01   4.0019720e-06  -1.5334220e-05
   2.3463093e+01   4.8493100e-06  -1.2678270e-05
   2.3714227e+01   5.3208800e-06  -1.0337450e-05
   2.3968050e+01   5.5021820e-06  -8.3002620e-06
   2.4224588e+01   5.4649240e-06  -6.5488580e-06
   2.4483873e+01   5.2684760e-06  -5.0613210e-06
   2.4745933e+01   4.9613160e-06  -3.8133920e-06
   2.5010798e+01   7.1484580e-06  -3.3845880e-06
   2.5278497e+01   9.7357310e-06  -2.2701660e-06
   2.5549063e+01   1.2634020e-05  -2.0178820e-07
   2.5822524e+01   1.5661510e-05   3.1282110e-06
   2.6098911e+01   1.8511330e-05   8.0513070e-06
   2.6378258e+01   2.0715780e-05   1.4894960e-05
   2.6660594e+01   2.1609520e-05   2.3938650e-05
   2.6945952e+01   2.0295950e-05   3.5349780e-05
   2.7234364e+01   1.5622630e-05   4.9095490e-05
   2.7525864e+01   6.1747600e-06   6.4827020e-05
   2.7820483e+01  -8.4251720e-06   6.2748510e-05
   2.8118256e+01  -2.1793210e-05   5.7565860e-05
   2.8419216e+01  -3.3311280e-05   4.9714910e-05
   2.8723397e+01  -4.2490030e-05   3.9744470e-05
   2.9030834e+01  -4.8986880e-05   2.8282010e-05
   2.9341562e+01  -5.2615570e-05   1.5997070e-05
   2.9655616e+01  -5.3347150e-05   3.5647290e-06
   2.9973031e+01  -5.1302810e-05  -8.3693500e-06
   3.0293843e+01  -4.6739430e-05  -1.9220440e-05
   3.0618089e+01  -4.0029050e-05  -2.8491310e-05
   3.0945806e+01  -4.0381000e-05  -2.1897250e-05
   3.1277030e+01  -3.9959250e-05  -1.5737930e-05
   3.1611800e+01  -3.8868800e-05  -1.0069880e-05
   3.1950152e+01  -3.7213580e-05  -4.9336130e-06
   3.2292126e+01  -3.5094570e-05  -3.5495980e-07
   3.2637761e+01  -3.2608460e-05   3.6535930e-06
   3.2987095e+01  -2.9846380e-05   7.0914200e-06
   3.3340168e+01  -2.6892960e-05   9.9682860e-06
   3.3697020e+01  -2.3825660e-05   1.2302860e-05
   3.4057691e+01  -2.0714230e-05   1.4121250e-05
   3.4422223e+01  -2.7899800e-05   1.0601030e-05
   3.4790657e+01  -3.5242020e-05   4.5317570e-06
   3.5163034e+01  -4.2058300e-05  -4.5321060e-06
   3.5539397e+01  -4.7434750e-05  -1.6916970e-05
   3.5919788e+01  -5.0222810e-05  -3.2747140e-05
   3.6304251e+01  -4.9058220e-05  -5.1847880e-05
   3.6692829e+01  -4.2410010e-05  -7.3638320e-05
   3.7085566e+01  -2.8666920e-05  -9.7021100e-05
   3.7482506e+01  -6.2680200e-06  -1.2027880e-04
   3.7883695e+01   2.6117240e-05  -1.4098960e-04
   3.8289178e+01   8.7858330e-06  -1.4108980e-04
   3.8699001e+01  -8.1878160e-06  -1.3912570e-04
   3.9113211e+01  -2.4565760e-05  -1.3518410e-04
   3.9531854e+01  -4.0125410e-05  -1.2937800e-04
   3.9954978e+01  -5.4662400e-05  -1.2184450e-04
   4.0382631e+01  -6.7993060e-05  -1.1274210e-04
   4.0814861e+01  -7.9956390e-05  -1.0224790e-04
   4.1251717e+01  -9.0415980e-05  -9.0554170e-05
   4.1693249e+01  -9.9261220e-05  -7.7865420e-05
   4.2139508e+01  -1.0640820e-04  -6.4395090e-05
   4.2590542e+01  -1.2924930e-04  -3.7540280e-05
   4.3046404e+01  -1.4561150e-04  -3.0772400e-06
   4.3507146e+01  -1.5307240e-04   3.7526050e-05
   4.3972819e+01  -1.4951040e-04   8.2057300e-05
   4.4443476e+01  -1.3332700e-04   1.2761030e-04
   4.4919171e+01  -1.0366410e-04   1.7069980e-04
   4.5399957e+01  -6.0600080e-05   2.0744250e-04
   4.5885890e+01  -5.3033900e-06   2.3380110e-04
   4.6377023e+01   5.9874880e-05   2.4588200e-04
   4.6873413e+01   1.3138730e-04   2.4027330e-04
   4.7375117e+01   1.5221220e-04   2.2975620e-04
   4.7882190e+01   1.7219970e-04   2.1743670e-04
   4.8394691e+01   1.9119400e-04   2.0338090e-04
   4.8912677e+01   2.0904450e-04   1.8766860e-04
   4.9436207e+01   2.2560680e-04   1.7039260e-04
   4.9965341e+01   2.4074440e-04   1.5165820e-04
   5.0500138e+01   2.5432910e-04   1.3158260e-04
   5.1040660e+01   2.6624220e-04   1.1029430e-04
   5.1586967e+01   2.7637600e-04   8.7932320e-05
   5.2139121e+01   2.8463370e-04   6.4645030e-05
   5.2697185e+01   2.5280560e-04   1.1547460e-04
   5.3261223e+01   2.1327490e-04   1.5668580e-04
   5.3831297e+01   1.6842950e-04   1.8743660e-04
   5.4407473e+01   1.2065840e-04   2.0740470e-04
   5.4989816e+01   7.2251350e-05   2.1675340e-04
   5.5578393e+01   2.5311400e-05   2.1607910e-04
   5.6173268e+01  -1.8316740e-05   2.0634560e-04
   5.6774512e+01  -5.7100300e-05   1.8880920e-04
   5.7382190e+01  -8.9854050e-05   1.6493830e-04
   5.7996373e+01  -1.1575790e-04   1.3633210e-04
   5.8617129e+01  -1.0709390e-04   1.2126070e-04
   5.9244530e+01  -9.8992710e-05   1.0778250e-04
   5.9878646e+01  -9.1428450e-05   9.5735550e-05
   6.0519549e+01  -8.4375080e-05   8.4973390e-05
   6.1167312e+01  -7.7806340e-05   7.5364270e-05
   6.1822008e+01  -7.1696260e-05   6.6789430e-05
   6.2483712e+01  -6.6019230e-05   5.9141890e-05
   6.3152498e+01  -6.0750140e-05   5.2325420e-05
   6.3828442e+01  -5.5864650e-05   4.6253360e-05
   6.4511621e+01  -5.1339120e-05   4.0847760e-05
   6.5202113e+01  -4.5641380e-05   4.6017300e-05
   6.5899995e+01  -3.9453060e-05   5.0429730e-05
   6.6605347e+01  -3.2871020e-05   5.4042580e-05
   6.7318248e+01  -2.5995290e-05   5.6825380e-05
   6.8038780e+01  -1.8927440e-05   5.8759840e-05
   6.8767024e+01  -1.1769300e-05   5.9839770e-05
   6.9503063e+01  -4.6214650e-06   6.0070850e-05
   7.0246980e+01   2.4180120e-06   5.9470340e-05
   7.0998859e+01   9.2549400e-06   5.8066470e-05
   7.1758786e+01   1.5800160e-05   5.5897900e-05
   7.2526846e+01   2.2722480e-05   5.6761110e-05
   7.3303128e+01   3.0063660e-05   5.6898780e-05
   7.4087718e+01   3.7763010e-05   5.6230700e-05
   7.4880706e+01   4.5748130e-05   5.4679600e-05
   7.5682182e+01   5.3934670e-05   5.2172630e-05
   7.6492236e+01   6.2226270e-05   4.8642810e-05
   7.7310961e+01   7.0514690e-05   4.4030770e-05
   7.8138448e+01   7.8680060e-05   3.8286300e-05
   7.8974793e+01   8.6591360e-05   3.1370120e-05
   7.9820089e+01   9.4107020e-05   2.3255670e-05
   8.0674432e+01   9.3358320e-05   2.0924700e-05
   8.1537921e+01   9.2569430e-05   1.8640740e-05
   8.2410651e+01   9.1741950e-05   1.6404030e-05
   8.3292722e+01   9.0877390e-05   1.4214790e-05
   8.4184235e+01   8.9977210e-05   1.2073160e-05
   8.5085290e+01   8.9042980e-05   9.9792980e-06
   8.5995989e+01   8.8076150e-05   7.9332910e-06
   8.6916435e+01   8.7078150e-05   5.9352030e-06
   8.7846734e+01   8.6050440e-05   3.9850720e-06
   8.8786990e+01   8.4994460e-05   2.0828940e-06
   8.9737309e+01   8.5723630e-05   9.5673580e-06
   9.0697801e+01   8.5803490e-05   1.7196160e-05
   9.1668573e+01   8.5214460e-05   2.4913830e-05
   9.2649735e+01   8.3941570e-05   3.2662600e-05
   9.3641399e+01   8.1974650e-05   4.0382750e-05
   9.4643677e+01   7.9308880e-05   4.8013080e-05
   9.5656683e+01   7.5944570e-05   5.5491220e-05
   9.6680532e+01   7.1887640e-05   6.2754240e-05
   9.7715339e+01   6.7149510e-05   6.9739020e-05
   9.8761222e+01   6.1747280e-05   7.6382780e-05
   9.9818300e+01   7.4020280e-05   5.7991320e-05
   1.0088669e+02   8.1518070e-05   3.8195920e-05
   1.0196652e+02   8.4259150e-05   1.8116830e-05
   1.0305790e+02   8.2501570e-05  -1.2047090e-06
   1.0416097e+02   7.6709850e-05  -1.8852800e-05
   1.0527584e+02   6.7514120e-05  -3.4072750e-05
   1.0640265e+02   5.5664460e-05  -4.6295910e-05
   1.0754152e+02   4.1982810e-05  -5.5152960e-05
   1.0869257e+02   2.7315400e-05  -6.0475950e-05
   1.0985595e+02   1.2487780e-05  -6.2290100e-05
   1.1103178e+02   2.9034180e-06  -6.3923840e-05
   1.1222019e+02  -6.8883080e-06  -6.4084120e-05
   1.1342133e+02  -1.6661070e-05  -6.2745780e-05
   1.1463532e+02  -2.6185700e-05  -5.9918380e-05
   1.1586230e+02  -3.5235510e-05  -5.5646490e-05
   1.1710242e+02  -4.3591640e-05  -5.0009180e-05
   1.1835581e+02  -5.1048270e-05  -4.3118610e-05
   1.1962261e+02  -5.7417690e-05  -3.5117960e-05
   1.2090298e+02  -6.2534920e-05  -2.6178460e-05
   1.2219705e+02  -6.6261960e-05  -1.6495910e-05
   1.2350497e+02  -7.0104300e-05  -1.8605680e-05
   1.2482688e+02  -7.4150550e-05  -2.0909370e-05
   1.2616295e+02  -7.8410190e-05  -2.3422350e-05
   1.2751332e+02  -8.2893020e-05  -2.6161120e-05
   1.2887814e+02  -8.7609180e-05  -2.9143340e-05
   1.3025757e+02  -9.2569200e-05  -3.2387940e-05
   1.3165177e+02  -9.7783910e-05  -3.5915210e-05
   1.3306088e+02  -1.0326450e-04  -3.9746880e-05
   1.3448508e+02  -1.0902240e-04  -4.3906180e-05
   1.3592453e+02  -1.1506950e-04  -4.8417970e-05
   1.3737938e+02  -1.3735010e-04  -3.4044200e-05
   1.3884980e+02  -1.5978050e-04  -1.4041060e-05
   1.4033596e+02  -1.8139170e-04   1.2292400e-05
   1.4183803e+02  -2.0097580e-04   4.5571240e-05
   1.4335617e+02  -2.1707160e-04   8.6272320e-05
   1.4489057e+02  -2.2796000e-04   1.3467360e-04
   1.4644138e+02  -2.3166640e-04   1.9078490e-04
   1.4800880e+02  -2.2597840e-04   2.5427080e-04
   1.4959299e+02  -2.0847690e-04   3.2436810e-04
   1.5119414e+02  -1.7658720e-04   3.9979800e-04
   1.5281243e+02  -1.5252780e-04   2.8776440e-04
   1.5444803e+02  -1.2868330e-04   2.0577250e-04
   1.5610115e+02  -1.0659720e-04   1.4609870e-04
   1.5777195e+02  -8.7005740e-05   1.0291970e-04
   1.5946065e+02  -7.0146130e-05   7.1868080e-05
   1.6116741e+02  -5.5962400e-05   4.9685320e-05
   1.6289245e+02  -4.4239530e-05   3.3952100e-05
   1.6463594e+02  -3.4688980e-05   2.2881750e-05
   1.6639810e+02  -2.7001160e-05   1.5161610e-05
   1.6817912e+02  -2.0876150e-05   9.8324910e-06
   1.6997921e+02  -2.3162940e-05   1.2232970e-05
   1.7179855e+02  -2.5631570e-05   1.5073720e-05
   1.7363738e+02  -2.8283560e-05   1.8423140e-05
   1.7549588e+02  -3.1117070e-05   2.2358900e-05
   1.7737428e+02  -3.4125990e-05   2.6968990e-05
   1.7927278e+02  -3.7298870e-05   3.2352840e-05
   1.8119160e+02  -4.0617490e-05   3.8622640e-05
   1.8313096e+02  -4.4055440e-05   4.5904620e-05
   1.8509108e+02  -4.7576180e-05   5.4340610e-05
   1.8707218e+02  -5.1130980e-05   6.4089470e-05
   1.8907448e+02  -4.7222150e-05   7.5168310e-05
   1.9109822e+02  -4.1670100e-05   8.6612920e-05
   1.9314361e+02  -3.4305650e-05   9.8251370e-05
   1.9521090e+02  -2.4967690e-05   1.0987810e-04
   1.9730031e+02  -1.3507860e-05   1.2125220e-04
   1.9941209e+02   2.0419130e-07   1.3209680e-04
   2.0154647e+02   1.6275040e-05   1.4209790e-04
   2.0370369e+02   3.4781190e-05   1.5090480e-04
   2.0588401e+02   5.5762330e-05   1.5813070e-04
   2.0808766e+02   7.9214210e-05   1.6335480e-04
   2.1031490e+02   7.7638470e-05   1.4013370e-04
   2.1256598e+02   7.5135480e-05   1.1974870e-04
   2.1484115e+02   7.1951550e-05   1.0190720e-04
   2.1714067e+02   6.8289730e-05   8.6339320e-05
   2.1946481e+02   6.4315990e-05   7.2797860e-05
   2.2181382e+02   6.0164620e-05   6.1056880e-05
   2.2418798e+02   5.5943220e-05   5.0910900e-05
   2.2658754e+02   5.1736630e-05   4.2173630e-05
   2.2901279e+02   4.7610720e-05   3.4676920e-05
   2.3146400e+02   4.3615440e-05   2.8269460e-05
   2.3394145e+02   4.6354140e-05   3.3858600e-05
   2.3644541e+02   4.9029960e-05   4.0190400e-05
   2.3897617e+02   5.1590710e-05   4.7337300e-05
   2.4153402e+02   5.3974360e-05   5.5375890e-05
   2.4411925e+02   5.6107830e-05   6.4386850e-05
   2.4673214e+02   5.7905530e-05   7.4454650e-05
   2.4937301e+02   5.9267910e-05   8.5667170e-05
   2.5204214e+02   6.0079760e-05   9.8115140e-05
   2.5473984e+02   6.0208480e-05   1.1189160e-04
   2.5746641e+02   5.9502160e-05   1.2709070e-04
   2.6022217e+02   2.4730150e-05   1.2045100e-04
   2.6300742e+02  -3.5417250e-06   1.0768790e-04
   2.6582249e+02  -2.5023610e-05   9.1035370e-05
   2.6866768e+02  -3.9925060e-05   7.2456210e-05
   2.7154333e+02  -4.8825740e-05   5.3580160e-05
   2.7444976e+02  -5.2552590e-05   3.5677350e-05
   2.7738730e+02  -5.2069770e-05   1.9661090e-05
   2.8035628e+02  -4.8385490e-05   6.1125660e-06
   2.8335703e+02  -4.2477590e-05  -4.6790400e-06
   2.8638991e+02  -3.5238280e-05  -1.2667120e-05
   2.8945524e+02  -3.8032530e-05  -8.4427000e-06
   2.9255339e+02  -4.0361230e-05  -3.7156520e-06
   2.9568469e+02  -4.2143450e-05   1.4689420e-06
   2.9884952e+02  -4.3301500e-05   7.0539440e-06
   3.0204821e+02  -4.3762780e-05   1.2970170e-05
   3.0528114e+02  -4.3461410e-05   1.9136680e-05
   3.0854868e+02  -4.2340070e-05   2.5461290e-05
   3.1185119e+02  -4.0351700e-05   3.1841300e-05
   3.1518905e+02  -3.7461180e-05   3.8164570e-05
   3.1856263e+02  -3.3647150e-05   4.4310820e-05
   3.2197233e+02  -4.1653890e-05   4.8313020e-05
   3.2541851e+02  -5.1100730e-05   5.2323440e-05
   3.2890159e+02  -6.2196120e-05   5.6240900e-05
   3.3242194e+02  -7.5171310e-05   5.9934730e-05
   3.3597998e+02  -9.0281670e-05   6.3238970e-05
   3.3957609e+02  -1.0780770e-04   6.5945630e-05
   3.4321070e+02  -1.2805540e-04   6.7796630e-05
   3.4688421e+02  -1.5135690e-04   6.8474950e-05
   3.5059704e+02  -1.7806950e-04   6.7594240e-05
   3.5434961e+02  -2.0857460e-04   6.4686970e-05
   3.5814234e+02  -1.7179300e-04   9.8181990e-05
   3.6197567e+02  -1.3267930e-04   1.2058680e-04
   3.6585003e+02  -9.3680710e-05   1.3272350e-04
   3.6976586e+02  -5.6800500e-05   1.3580020e-04
   3.7372360e+02  -2.3573440e-05   1.3127890e-04
   3.7772370e+02   4.9299620e-06   1.2075380e-04
   3.8176661e+02   2.8075940e-05   1.0584600e-04
   3.8585280e+02   4.5622210e-05   8.8113370e-05
   3.8998272e+02   5.7660400e-05   6.8981850e-05
   3.9415685e+02   6.4551640e-05   4.9694740e-05
   3.9837566e+02   5.4328620e-05   5.4567640e-05
   4.0263962e+02   4.4145130e-05   5.7866670e-05
   4.0694922e+02   3.4193750e-05   5.9695810e-05
   4.1130495e+02   2.4642090e-05   6.0176340e-05
   4.1570729e+02   1.5632110e-05   5.9442690e-05
   4.2015676e+02   7.2802440e-06   5.7638460e-05
   4.2465385e+02  -3.2226250e-07   5.4912590e-05
   4.2919908e+02  -7.1083350e-06   5.1416000e-05
   4.3379295e+02  -1.3033840e-05   4.7298370e-05
   4.3843600e+02  -1.8075960e-05   4.2705480e-05
   4.4312874e+02  -2.4399790e-05   3.5602690e-05
   4.4787171e+02  -2.8851740e-05   2.7952520e-05
   4.5266545e+02  -3.1494950e-05   2.0149870e-05
   4.5751049e+02  -3.2460120e-05   1.2543310e-05
   4.6240739e+02  -3.1931100e-05   5.4264880e-06
   4.6735671e+02  -3.0129950e-05  -9.6677770e-07
   4.7235900e+02  -2.7302540e-05  -6.4643820e-06
   4.7741483e+02  -2.3705030e-05  -1.0954900e-05
   4.8252478e+02  -1.9591710e-05  -1.4384160e-05
   4.8768942e+02  -1.5204560e-05  -1.6749880e-05
   4.9290934e+02  -1.6156410e-05  -1.4346140e-05
   4.9818513e+02  -1.6813730e-05  -1.1965910e-05
   5.0351738e+02  -1.7193770e-05  -9.6382120e-06
   5.0890672e+02  -1.7315900e-05  -7.3888380e-06
   5.1435373e+02  -1.7201140e-05  -5.2402980e-06
   5.1985905e+02  -1.6871780e-05  -3.2118100e-06
   5.2542329e+02  -1.6350940e-05  -1.3193330e-06
   5.3104709e+02  -1.5662240e-05   4.2434440e-07
   5.3673108e+02  -1.4829390e-05   2.0095030e-06
   5.4247591e+02  -1.3875930e-05   3.4293430e-06
   5.4828223e+02  -1.7657920e-05  -1.6120590e-08
   5.5415069e+02  -2.1167640e-05  -5.2724710e-06
   5.6008197e+02  -2.3812180e-05  -1.2619140e-05
   5.6607674e+02  -2.4797480e-05  -2.2214780e-05
   5.7213566e+02  -2.3124230e-05  -3.4013380e-05
   5.7825944e+02  -1.7607920e-05  -4.7662520e-05
   5.8444876e+02  -6.9331300e-06  -6.2387250e-05
   5.9070433e+02   1.0246830e-05  -7.6866990e-05
   5.9702686e+02   3.5153830e-05  -8.9117690e-05
   6.0341706e+02   6.8662640e-05  -9.6397260e-05
   6.0987565e+02   7.2299950e-05  -8.4742020e-05
   6.1640337e+02   7.4752650e-05  -7.3514980e-05
   6.2300096e+02   7.6129900e-05  -6.2786790e-05
   6.2966917e+02   7.6539680e-05  -5.2614680e-05
   6.3640875e+02   7.6088130e-05  -4.3043480e-05
   6.4322047e+02   7.4878320e-05  -3.4106440e-05
   6.5010509e+02   7.3009650e-05  -2.5826310e-05
   6.5706341e+02   7.0577210e-05  -1.8216270e-05
   6.6409620e+02   6.7671220e-05  -1.1280820e-05
   6.7120426e+02   6.4376610e-05  -5.0168060e-06
   6.7838841e+02   6.5891990e-05  -2.1873980e-05
   6.8564945e+02   6.3116790e-05  -3.9859110e-05
   6.9298821e+02   5.5572190e-05  -5.7912600e-05
   7.0040551e+02   4.3032130e-05  -7.4804750e-05
   7.0790221e+02   2.5578570e-05  -8.9193770e-05
   7.1547915e+02   3.6438280e-06  -9.9700450e-05
   7.2313718e+02  -2.1964450e-05  -1.0499710e-04
   7.3087719e+02  -5.0060200e-05  -1.0390660e-04
   7.3870003e+02  -7.9101320e-05  -9.5507200e-05
   7.4660661e+02  -1.0723980e-04  -7.9235220e-05
   7.5459782e+02  -7.8830590e-05  -1.0060100e-04
   7.6267455e+02  -4.7125720e-05  -1.1308170e-04
   7.7083774e+02  -1.4646170e-05  -1.1651180e-04
   7.7908830e+02   1.6236710e-05  -1.1138240e-04
   7.8742717e+02   4.3457660e-05  -9.8753360e-05
   7.9585529e+02   6.5379350e-05  -8.0131150e-05
   8.0437362e+02   8.0874150e-05  -5.7326070e-05
   8.1298313e+02   8.9362630e-05  -3.2298610e-05
   8.2168478e+02   9.0810480e-05  -7.0080090e-06
   8.3047958e+02   8.5686490e-05   1.6726800e-05
   8.3936850e+02   7.9425120e-05   1.0800190e-05
   8.4835257e+02   7.3372520e-05   5.6989660e-06
   8.5743280e+02   6.7554870e-05   1.3432730e-06
   8.6661022e+02   6.1992050e-05  -2.3414930e-06
   8.7588587e+02   5.6698290e-05  -5.4247640e-06
   8.8526080e+02   5.1682920e-05  -7.9709260e-06
   8.9473607e+02   4.6951170e-05  -1.0039510e-05
   9.0431276e+02   4.2504620e-05  -1.1685320e-05
   9.1399195e+02   3.8341870e-05  -1.2958730e-05
   9.2377474e+02   3.4458900e-05  -1.3905750e-05
   9.3366224e+02   3.7983300e-05  -7.8027060e-06
   9.4365557e+02   4.0454930e-05  -8.7607790e-07
   9.5375586e+02   4.1691190e-05   6.6982240e-06
   9.6396426e+02   4.1537740e-05   1.4705360e-05
   9.7428192e+02   3.9876470e-05   2.2895800e-05
   9.8471002e+02   3.6633000e-05   3.0991220e-05
   9.9524973e+02   3.1783280e-05   3.8691990e-05
   1.0059023e+03   2.5358850e-05   4.5685990e-05
   1.0166688e+03   1.7450750e-05   5.1658750e-05
   1.0275506e+03   8.2114910e-06   5.6304610e-05
   1.0385488e+03   1.5479730e-05   5.2357390e-05
   1.0496648e+03   2.1844590e-05   4.7616900e-05
   1.0608997e+03   2.7243230e-05   4.2246200e-05
   1.0722549e+03   3.1638140e-05   3.6408720e-05
   1.0837317e+03   3.5016120e-05   3.0264840e-05
   1.0953313e+03   3.7386390e-05   2.3968660e-05
   1.1070550e+03   3.8778790e-05   1.7665280e-05
   1.1189042e+03   3.9241410e-05   1.1488460e-05
   1.1308802e+03   3.8838240e-05   5.5586720e-06
   1.1429845e+03   3.7646440e-05  -1.8352480e-08
   1.1552183e+03   3.6498030e-05  -8.2105710e-06
   1.1675830e+03   3.3601720e-05  -1.5903830e-05
   1.1800801e+03   2.9119200e-05  -2.2732910e-05
   1.1927109e+03   2.3286770e-05  -2.8378890e-05
   1.2054769e+03   1.6402940e-05  -3.2583970e-05
   1.2183796e+03   8.8132530e-06  -3.5163120e-05
   1.2314203e+03   8.9299430e-07  -3.6012180e-05
   1.2446007e+03  -6.9712710e-06  -3.5111790e-05
   1.2579221e+03  -1.4400530e-05  -3.2527320e-05
   1.2713861e+03  -2.1041480e-05  -2.8404610e-05
   1.2849942e+03  -2.5464810e-05  -2.4079180e-05
   1.2987480e+03  -2.9032720e-05  -1.9089930e-05
   1.3126489e+03  -3.1650510e-05  -1.3600990e-05
   1.3266987e+03  -3.3254190e-05  -7.7890200e-06
   1.3408989e+03  -3.3811920e-05  -1.8375500e-06
   1.3552510e+03  -3.3324480e-05   4.0687440e-06
   1.3697567e+03  -3.1824580e-05   9.7497190e-06
   1.3844177e+03  -2.9375440e-05   1.5035200e-05
   1.3992357e+03  -2.6068260e-05   1.9770040e-05
   1.4142122e+03  -2.2018970e-05   2.3818560e-05
   1.4293490e+03  -2.0189790e-05   2.5618800e-05
   1.4446479e+03  -1.8213700e-05   2.7278840e-05
   1.4601105e+03  -1.6101470e-05   2.8786710e-05
   1.4757386e+03  -1.3864740e-05   3.0131270e-05
   1.4915340e+03  -1.1516160e-05   3.1302270e-05
   1.5074984e+03  -9.0691630e-06   3.2290430e-05
   1.5236337e+03  -6.5379650e-06   3.3087510e-05
   1.5399417e+03  -3.9374710e-06   3.3686410e-05
   1.5564243e+03  -1.2831820e-06   3.4081120e-05
   1.5730832e+03   1.4088680e-06   3.4266810e-05
   1.5899205e+03  -9.7216820e-06   4.0216470e-05
   1.6069380e+03  -2.4604830e-05   4.3429410e-05
   1.6241377e+03  -4.2934090e-05   4.2224190e-05
   1.6415214e+03  -6.3796660e-05   3.4751840e-05
   1.6590912e+03  -8.5520920e-05   1.9170090e-05
   1.6768491e+03  -1.0555730e-04  -6.1041580e-06
   1.6947970e+03  -1.2042370e-04  -4.2062360e-05
   1.7129371e+03  -1.2575240e-04  -8.8700660e-05
   1.7312713e+03  -1.1647770e-04  -1.4456700e-04
   1.7498017e+03  -8.7205160e-05  -2.0629850e-04
   1.7685305e+03  -2.6178320e-05  -1.9887600e-04
   1.7874597e+03   2.4744360e-05  -1.7793900e-04
   1.8065915e+03   6.3725820e-05  -1.4773920e-04
   1.8259281e+03   9.0192200e-05  -1.1238480e-04
   1.8454717e+03   1.0462610e-04  -7.5559410e-05
   1.8652245e+03   1.0832110e-04  -4.0328630e-05
   1.8851887e+03   1.0312400e-04  -9.0312010e-06
   1.9053665e+03   9.1185830e-05   1.6753270e-05
   1.9257604e+03   7.4740130e-05   3.6173110e-05
   1.9463725e+03   5.5917850e-05   4.9024700e-05
   1.9672052e+03   5.6881390e-05   5.1055450e-05
   1.9882609e+03   5.7847300e-05   5.3154090e-05
   2.0095420e+03   5.8814850e-05   5.5322550e-05
   2.0310509e+03   5.9783230e-05   5.7562770e-05
   2.0527900e+03   6.0751630e-05   5.9876760e-05
   2.0747617e+03   6.1719140e-05   6.2266550e-05
   2.0969687e+03   6.2684830e-05   6.4734270e-05
   2.1194133e+03   6.3647700e-05   6.7282040e-05
   2.1420982e+03   6.4606760e-05   6.9912040e-05
   2.1650258e+03   6.5560870e-05   7.2626500e-05
   2.1881989e+03   6.3150500e-05   6.9583720e-05
   2.2116200e+03   6.0827770e-05   6.6667580e-05
   2.2352918e+03   5.8589570e-05   6.3872790e-05
   2.2592169e+03   5.6432860e-05   6.1194400e-05
   2.2833981e+03   5.4354700e-05   5.8627550e-05
   2.3078382e+03   5.2352250e-05   5.6167630e-05
   2.3325398e+03   5.0422830e-05   5.3810210e-05
   2.3575059e+03   4.8563780e-05   5.1551050e-05
   2.3827391e+03   4.6772570e-05   4.9386110e-05
   2.4082424e+03   4.5046810e-05   4.7311480e-05
   2.4340187e+03   5.2511130e-05   3.3469030e-05
   2.4600709e+03   5.6250000e-05   1.8951860e-05
   2.4864020e+03   5.6387210e-05   4.6630060e-06
   2.5130149e+03   5.3243950e-05  -8.5902960e-06
   2.5399126e+03   4.7302160e-05  -2.0134580e-05
   2.5670982e+03   3.9161960e-05  -2.9456970e-05
   2.5945748e+03   2.9496020e-05  -3.6220230e-05
   2.6223455e+03   1.9003950e-05  -4.0266290e-05
   2.6504134e+03   8.3693320e-06  -4.1608940e-05
   2.6787817e+03  -1.7784560e-06  -4.0417380e-05
   2.7074537e+03   3.4701790e-06  -4.3268990e-05
   2.7364326e+03   9.4369040e-06  -4.5608560e-05
   2.7657216e+03   1.6100240e-05  -4.7307730e-05
   2.7953242e+03   2.3420290e-05  -4.8232580e-05
   2.8252436e+03   3.1336790e-05  -4.8245830e-05
   2.8554832e+03   3.9767350e-05  -4.7209360e-05
   2.8860465e+03   4.8605940e-05  -4.4987010e-05
   2.9169369e+03   5.7721590e-05  -4.1447890e-05
   2.9481579e+03   6.6957480e-05  -3.6470020e-05
   2.9797131e+03   7.6130540e-05  -2.9944450e-05
   3.0116061e+03   6.9288490e-05  -3.6505160e-05
   3.0438404e+03   6.2087650e-05  -4.2027740e-05
   3.0764198e+03   5.4654660e-05  -4.6524750e-05
   3.1093478e+03   4.7108720e-05  -5.0021490e-05
   3.1426283e+03   3.9560550e-05  -5.2554540e-05
   3.1762650e+03   3.2111700e-05  -5.4170400e-05
   3.2102617e+03   2.4853900e-05  -5.4923990e-05
   3.2446224e+03   1.7868620e-05  -5.4877190e-05
   3.2793507e+03   1.1226890e-05  -5.4097490e-05
   3.3144508e+03   4.9891940e-06  -5.2656590e-05
   3.3499266e+03   1.8927760e-05  -5.4706190e-05
   3.3857821e+03   3.4280740e-05  -5.3279940e-05
   3.4220214e+03   5.0238680e-05  -4.7791470e-05
   3.4586485e+03   6.5789050e-05  -3.7826560e-05
   3.4956677e+03   7.9747940e-05  -2.3206690e-05
   3.5330831e+03   9.0810280e-05  -4.0482960e-06
   3.5708990e+03   9.7618100e-05   1.9187180e-05
   3.6091197e+03   9.8846860e-05   4.5657780e-05
   3.6477494e+03   9.3305730e-05   7.4125400e-05
   3.6867926e+03   8.0048670e-05   1.0296540e-04
   3.7262537e+03   6.4215580e-05   1.0633180e-04
   3.7661371e+03   4.8863610e-05   1.0774770e-04
   3.8064475e+03   3.4184540e-05   1.0737240e-04
   3.8471893e+03   2.0342030e-05   1.0537790e-04
   3.8883672e+03   7.4716130e-06   1.0194540e-04
   3.9299858e+03  -4.3187220e-06   9.7261200e-05
   3.9720499e+03  -1.4947650e-05   9.1513780e-05
   4.0145642e+03  -2.4359290e-05   8.4890380e-05
   4.0575335e+03  -3.2521720e-05   7.7574410e-05
   4.1009628e+03  -3.9425180e-05   6.9742830e-05
   4.1448569e+03  -4.5080200e-05   6.1564130e-05
   4.1892209e+03  -5.2903710e-05   6.1915790e-05
   4.2340596e+03  -6.1258370e-05   6.1664160e-05
   4.2793783e+03  -7.0130000e-05   6.0728020e-05
   4.3251821e+03  -7.9497160e-05   5.9021920e-05
   4.3714761e+03  -8.9330060e-05   5.6456740e-05
   4.4182656e+03  -9.9589920e-05   5.2940020e-05
   4.4655559e+03  -1.1022810e-04   4.8376390e-05
   4.5133524e+03  -1.2118510e-04   4.2668300e-05
   4.5616605e+03  -1.3238990e-04   3.5716640e-05
   4.6104856e+03  -1.4375900e-04   2.7421650e-05
   4.6598333e+03  -1.3217680e-04   5.7968230e-05
   4.7097092e+03  -1.1432640e-04   8.4788400e-05
   4.7601190e+03  -9.1268900e-05   1.0664810e-04
   4.8110683e+03  -6.4296290e-05   1.2259400e-04
   4.8625629e+03  -3.4859800e-05   1.3199390e-04
   4.9146087e+03  -4.4938670e-06   1.3455900e-04
   4.9672115e+03   2.5262970e-05   1.3034900e-04
   5.0203774e+03   5.2944710e-05   1.1975950e-04
   5.0741124e+03   7.7228950e-05   1.0349310e-04
   5.1284225e+03   9.6998680e-05   8.2515920e-05
   5.1833139e+03   5.4333400e-05   8.6871660e-05
   5.2387928e+03   2.0551000e-05   7.9839010e-05
   5.2948655e+03  -3.6494730e-06   6.6231430e-05
   5.3515384e+03  -1.8902240e-05   4.9910760e-05
   5.4088179e+03  -2.6632640e-05   3.3684660e-05
   5.4667104e+03  -2.8616560e-05   1.9360080e-05
   5.5252226e+03  -2.6655390e-05   7.8910800e-06
   5.5843611e+03  -2.2362700e-05  -4.2856730e-07
   5.6441326e+03  -1.7047500e-05  -5.7658500e-06
   5.7045438e+03  -1.1673170e-05  -8.5670970e-06
   5.7656016e+03  -1.3480180e-05  -9.1942300e-06
   5.8273130e+03  -1.5539700e-05  -9.8301990e-06
   5.8896848e+03  -1.7883970e-05  -1.0466290e-05
   5.9527243e+03  -2.0548920e-05  -1.1091440e-05
   6.0164385e+03  -2.3574610e-05  -1.1691780e-05
   6.0808346e+03  -2.7005610e-05  -1.2250140e-05
   6.1459201e+03  -3.0891470e-05  -1.2745450e-05
   6.2117021e+03  -3.5287120e-05  -1.3152040e-05
   6.2781882e+03  -4.0253500e-05  -1.3438870e-05
   6.3453860e+03  -4.5857980e-05  -1.3568620e-05
   6.4133030e+03  -3.9550800e-05  -1.6527010e-05
   6.4819469e+03  -3.3644370e-05  -1.8553060e-05
   6.5513256e+03  -2.8185240e-05  -1.9787060e-05
   6.6214468e+03  -2.3201310e-05  -2.0358560e-05
   6.6923186e+03  -1.8704910e-05  -2.0385670e-05
   6.7639489e+03  -1.4695610e-05  -1.9974870e-05
   6.8363459e+03  -1.1162720e-05  -1.9220940e-05
   6.9095179e+03  -8.0875450e-06  -1.8207370e-05
   6.9834730e+03  -5.4453510e-06  -1.7006700e-05
   7.0582196e+03  -3.2070830e-06  -1.5681210e-05
   7.1337664e+03  -1.3584080e-06  -1.7711420e-05
   7.2101217e+03   9.5854900e-07  -1.9690760e-05
   7.2872943e+03   3.7840960e-06  -2.1549200e-05
   7.3652928e+03   7.1529130e-06  -2.3204020e-05
   7.4441263e+03   1.1091720e-05  -2.4559370e-05
   7.5238035e+03   1.5616670e-05  -2.5505970e-05
   7.6043335e+03   2.0730380e-05  -2.5921260e-05
   7.6857255e+03   2.6418770e-05  -2.5669920e-05
   7.7679886e+03   3.2647560e-05  -2.4604900e-05
   7.8511323e+03   3.9358660e-05  -2.2569030e-05
   7.9351658e+03   3.8930160e-05  -2.4126710e-05
   8.0200988e+03   3.8444170e-05  -2.5683460e-05
   8.1059409e+03   3.7900160e-05  -2.7237280e-05
   8.1927017e+03   3.7297760e-05  -2.8786160e-05
   8.2803912e+03   3.6636560e-05  -3.0328020e-05
   8.3690193e+03   3.5916360e-05  -3.1860790e-05
   8.4585960e+03   3.5136890e-05  -3.3382330e-05
   8.5491314e+03   3.4298030e-05  -3.4890540e-05
   8.6406359e+03   3.3399710e-05  -3.6383220e-05
   8.7331198e+03   3.2441940e-05  -3.7858170e-05
   8.8265936e+03   2.3162670e-05  -4.9397780e-05
   8.9210679e+03   1.0007530e-05  -5.8859030e-05
   9.0165533e+03  -6.6285150e-06  -6.4996870e-05
   9.1130608e+03  -2.5965460e-05  -6.6613500e-05
   9.2106013e+03  -4.6831000e-05  -6.2673370e-05
   9.3091857e+03  -6.7686510e-05  -5.2426570e-05
   9.4088253e+03  -8.6690230e-05  -3.5531460e-05
   9.5095314e+03  -1.0180020e-04  -1.2165310e-05
   9.6113155e+03  -1.1091440e-04   1.6888750e-05
   9.7141889e+03  -1.1204510e-04   5.0191270e-05
   9.8181634e+03  -1.0145190e-04   5.6497410e-05
   9.9232508e+03  -9.0952250e-05   6.1569200e-05
   1.0029463e+04  -8.0642340e-05   6.5485550e-05
   1.0136812e+04  -7.0606030e-05   6.8328820e-05
   1.0245310e+04  -6.0915660e-05   7.0183400e-05
   1.0354969e+04  -5.1632530e-05   7.1134840e-05
   1.0465802e+04  -4.2807300e-05   7.1268740e-05
   1.0577822e+04  -3.4480700e-05   7.0669930e-05
   1.0691040e+04  -2.6684090e-05   6.9421640e-05
   1.0805470e+04  -1.9440240e-05   6.7604920e-05
   1.0921125e+04  -3.1238570e-05   6.3683560e-05
   1.1038018e+04  -4.2259190e-05   5.7706970e-05
   1.1156162e+04  -5.2144740e-05   4.9827370e-05
   1.1275570e+04  -6.0567410e-05   4.0258910e-05
   1.1396257e+04  -6.7239500e-05   2.9272170e-05
   1.1518235e+04  -7.1923150e-05   1.7186540e-05
   1.1641519e+04  -7.4438710e-05   4.3610720e-06
   1.1766123e+04  -7.4671190e-05  -8.8159890e-06
   1.1892060e+04  -7.2574960e-05  -2.1938920e-05
   1.2019345e+04  -6.8176440e-05  -3.4596900e-05
   1.2147992e+04  -7.2554900e-05  -3.1885230e-05
   1.2278017e+04  -7.6930610e-05  -2.8826660e-05
   1.2409433e+04  -8.1283550e-05  -2.5409170e-05
   1.2542256e+04  -8.5592280e-05  -2.1621490e-05
   1.2676500e+04  -8.9833940e-05  -1.7453240e-05
   1.2812181e+04  -9.3984320e-05  -1.2894910e-05
   1.2949315e+04  -9.8017700e-05  -7.9381300e-06
   1.3087916e+04  -1.0190710e-04  -2.5756500e-06
   1.3228001e+04  -1.0562410e-04   3.1984390e-06
   1.3369585e+04  -1.0913910e-04   9.3886320e-06
   1.3512684e+04  -1.1011880e-04  -1.4681790e-05
   1.3657316e+04  -1.0580070e-04  -3.8728620e-05
   1.3803495e+04  -9.6242420e-05  -6.1588180e-05
   1.3951239e+04  -8.1756900e-05  -8.2121010e-05
   1.4100564e+04  -6.2904160e-05  -9.9267710e-05
   1.4251487e+04  -4.0471420e-05  -1.1210240e-04
   1.4404026e+04  -1.5441540e-05  -1.1988150e-04
   1.4558198e+04   1.1048980e-05  -1.2208440e-04
   1.4714020e+04   3.7760610e-05  -1.1844560e-04
   1.4871509e+04   6.3407860e-05  -1.0897470e-04
   1.5030684e+04   7.4324470e-05  -1.1220510e-04
   1.5191563e+04   8.6158380e-05  -1.1497140e-04
   1.5354164e+04   9.8941070e-05  -1.1718630e-04
   1.5518505e+04   1.1270070e-04  -1.1875480e-04
   1.5684606e+04   1.2746120e-04  -1.1957380e-04
   1.5852484e+04   1.4324230e-04  -1.1953220e-04
   1.6022159e+04   1.6005740e-04  -1.1851020e-04
   1.6193650e+04   1.7791380e-04  -1.1637930e-04
   1.6366976e+04   1.9681120e-04  -1.1300220e-04
   1.6542158e+04   2.1674060e-04  -1.0823270e-04
   1.6719215e+04   1.7501930e-04  -1.5231940e-04
   1.6898167e+04   1.2576460e-04  -1.8319530e-04
   1.7079034e+04   7.2691840e-05  -2.0001550e-04
   1.7261837e+04   1.9448630e-05  -2.0288770e-04
   1.7446597e+04  -3.0608550e-05  -1.9278590e-04
   1.7633334e+04  -7.4601050e-05  -1.7141810e-04
   1.7822070e+04  -1.1026930e-04  -1.4105820e-04
   1.8012827e+04  -1.3606310e-04  -1.0435630e-04
   1.8205625e+04  -1.5118070e-04  -6.4141220e-05
   1.8400486e+04  -1.5555660e-04  -2.3228590e-05
   1.8597433e+04  -1.6473310e-04   2.9180660e-06
   1.8796488e+04  -1.6968950e-04   3.1519380e-05
   1.8997674e+04  -1.6986110e-04   6.1926530e-05
   1.9201013e+04  -1.6477700e-04   9.3371470e-05
   1.9406529e+04  -1.5408320e-04   1.2497910e-04
   1.9614244e+04  -1.3756560e-04   1.5578430e-04
   1.9824182e+04  -1.1517010e-04   1.8475250e-04
   2.0036368e+04  -8.7019660e-05   2.1080600e-04
   2.0250824e+04  -5.3427740e-05   2.3285210e-04
   2.0467576e+04  -1.4907300e-05   2.4981630e-04
   2.0686648e+04  -3.6716320e-05   2.5346320e-04
   2.0908065e+04  -5.9269900e-05   2.5530390e-04
   2.1131852e+04  -8.2427160e-05   2.5523840e-04
   2.1358034e+04  -1.0603580e-04   2.5317740e-04
   2.1586637e+04  -1.2993300e-04   2.4904260e-04
   2.1817686e+04  -1.5394580e-04   2.4276790e-04
   2.2051209e+04  -1.7789210e-04   2.3430140e-04
   2.2287231e+04  -2.0158180e-04   2.2360550e-04
   2.2525780e+04  -2.2481800e-04   2.1065820e-04
   2.2766881e+04  -2.4739750e-04   1.9545390e-04
   2.3010564e+04  -2.7109120e-04   1.0038220e-04
   2.3256854e+04  -2.6482930e-04   1.0766200e-05
   2.3505781e+04  -2.3399020e-04  -6.5609070e-05
   2.3757372e+04  -1.8546840e-04  -1.2347780e-04
   2.4011656e+04  -1.2676750e-04  -1.6020060e-04
   2.4268661e+04  -6.5178600e-05  -1.7560060e-04
   2.4528418e+04  -7.1094790e-06  -1.7158850e-04
   2.4790954e+04   4.2392810e-05  -1.5164510e-04
   2.5056301e+04   7.9912870e-05  -1.2023500e-04
   2.5324488e+04   1.0373670e-04  -8.2218860e-05
   2.5595545e+04   1.2215110e-04  -5.7616410e-05
   2.5869504e+04   1.3473770e-04  -2.8898510e-05
   2.6146394e+04   1.4057890e-04   2.5559320e-06
   2.6426249e+04   1.3908290e-04   3.5163920e-05
   2.6709099e+04   1.3002900e-04   6.7215310e-05
   2.6994976e+04   1.1359510e-04   9.6959710e-05
   2.7283913e+04   9.0363970e-05   1.2269920e-04
   2.7575943e+04   6.1308540e-05   1.4288210e-04
   2.7871098e+04   2.7755880e-05   1.5619240e-04
   2.8169413e+04  -8.6702440e-06   1.6163060e-04
   2.8470920e+04  -4.6124240e-05   1.5858020e-04
   2.8775655e+04  -4.3550960e-05   1.8127840e-04
   2.9083651e+04  -3.9438460e-05   2.0673580e-04
   2.9394944e+04  -3.3443070e-05   2.3522270e-04
   2.9709569e+04  -2.5162960e-05   2.6702510e-04
   3.0027562e+04  -1.4129630e-05   3.0244440e-04
   3.0348958e+04   2.0119110e-07   3.4179520e-04
   3.0673794e+04   1.8460050e-05   3.8540330e-04
   3.1002107e+04   4.1375350e-05   4.3360270e-04
   3.1333934e+04   6.9786250e-05   4.8673050e-04
   3.1669312e+04   1.0465670e-04   5.4512320e-04
   3.2008280e+04   5.2445820e-05   5.3264310e-04
   3.2350877e+04   3.4135880e-06   5.1605850e-04
   3.2697140e+04  -4.2204770e-05   4.9581250e-04
   3.3047110e+04  -8.4222480e-05   4.7235230e-04
   3.3400825e+04  -1.2249970e-04   4.4612290e-04
   3.3758326e+04  -1.5694110e-04   4.1756420e-04
   3.4119654e+04  -1.8749420e-04   3.8710720e-04
   3.4484849e+04  -2.1414670e-04   3.5517000e-04
   3.4853953e+04  -2.3692310e-04   3.2215540e-04
   3.5227008e+04  -2.5588300e-04   2.8844810e-04
   3.5604055e+04  -3.1612300e-04   2.3402160e-04
   3.5985139e+04  -3.6478840e-04   1.6701640e-04
   3.6370301e+04  -3.9925340e-04   8.9893510e-05
   3.6759586e+04  -4.1741490e-04   5.6620600e-06
   3.7153037e+04  -4.1780730e-04  -8.2231780e-05
   3.7550699e+04  -3.9969380e-04  -1.7003990e-04
   3.7952618e+04  -3.6312770e-04  -2.5386600e-04
   3.8358839e+04  -3.0898300e-04  -3.2983300e-04
   3.8769408e+04  -2.3894760e-04  -3.9425460e-04
   3.9184371e+04  -1.5548330e-04  -4.4380740e-04
   3.9603776e+04  -2.0419260e-04  -3.3454870e-04
   4.0027670e+04  -2.2481580e-04  -2.3700210e-04
   4.0456100e+04  -2.2459390e-04  -1.5390380e-04
   4.0889117e+04  -2.0990630e-04  -8.6219390e-05
   4.1326768e+04  -1.8612020e-04  -3.3622350e-05
   4.1769104e+04  -1.5755300e-04   5.0904970e-06
   4.2216174e+04  -1.2751320e-04   3.1653420e-05
   4.2668029e+04  -9.8394270e-05   4.8057360e-05
   4.3124721e+04  -7.1799310e-05   5.6342720e-05
   4.3586300e+04  -4.8678710e-05   5.8452270e-05
   4.4052820e+04  -3.8006260e-05   7.6181410e-05
   4.4524334e+04  -2.1824910e-05   9.2751560e-05
   4.5000894e+04   5.9570520e-08   1.0664370e-04
   4.5482555e+04   2.7468360e-05   1.1615300e-04
   4.5969372e+04   5.9768650e-05   1.1946860e-04
   4.6461399e+04   9.5805750e-05   1.1478030e-04
   4.6958692e+04   1.3385660e-04   1.0041310e-04
   4.7461308e+04   1.7161420e-04   7.4985040e-05
   4.7969304e+04   2.0620990e-04   3.7583660e-05
   4.8482737e+04   2.3428480e-04  -1.2047810e-05
   4.9001666e+04   1.9303410e-04  -6.4731650e-05
   4.9526149e+04   1.4626000e-04  -9.9147340e-05
   5.0056245e+04   9.9130830e-05  -1.1700360e-04
   5.0592016e+04   5.5568260e-05  -1.2093450e-04
   5.1133520e+04   1.8236000e-05  -1.1405690e-04
   5.1680821e+04  -1.1366440e-05  -9.9597830e-05
   5.2233980e+04  -3.2738500e-05  -8.0604620e-05
   5.2793060e+04  -4.6172700e-05  -5.9741430e-05
   5.3358123e+04  -5.2535160e-05  -3.9167000e-05
   5.3929235e+04  -5.3053450e-05  -2.0483830e-05
   5.4506459e+04  -5.7170380e-05  -3.6540820e-06
   5.5089862e+04  -5.6041540e-05   1.3762250e-05
   5.5679509e+04  -4.9694580e-05   3.0157280e-05
   5.6275467e+04  -3.8641880e-05   4.3994290e-05
   5.6877804e+04  -2.3840090e-05   5.3951380e-05
   5.7486588e+04  -6.6079580e-06   5.9047310e-05
   5.8101888e+04   1.1490840e-05   5.8737650e-05
   5.8723774e+04   2.8789200e-05   5.2971670e-05
   5.9352316e+04   4.3669800e-05   4.2204330e-05
   5.9987585e+04   5.4715940e-05   2.7361520e-05
   6.0629655e+04   5.8816200e-05   2.4353090e-05
   6.1278596e+04   6.2849560e-05   2.0927220e-05
   6.1934483e+04   6.6782620e-05   1.7073020e-05
   6.2597391e+04   7.0579920e-05   1.2781660e-05
   6.3267394e+04   7.4203900e-05   8.0465780e-06
   6.3944568e+04   7.7615210e-05   2.8637560e-06
   6.4628990e+04   8.0772690e-05  -2.7680700e-06
   6.5320738e+04   8.3633420e-05  -8.8471660e-06
   6.6019890e+04   8.6153140e-05  -1.5368560e-05
   6.6726525e+04   8.8286250e-05  -2.2323830e-05
   6.7440723e+04   7.9284380e-05  -2.9495270e-05
   6.8162566e+04   7.0250110e-05  -3.5212470e-05
   6.8892135e+04   6.1332200e-05  -3.9583460e-05
   6.9629513e+04   5.2657160e-05  -4.2722980e-05
   7.0374783e+04   4.4330220e-05  -4.4749680e-05
   7.1128030e+04   3.6436690e-05  -4.5783770e-05
   7.1889340e+04   2.9043250e-05  -4.5944770e-05
   7.2658798e+04   2.2199430e-05  -4.5349810e-05
   7.3436491e+04   1.5939210e-05  -4.4112040e-05
   7.4222509e+04   1.0282610e-05  -4.2339330e-05
   7.5016940e+04   2.5144660e-06  -4.0936450e-05
   7.5819874e+04  -4.4513680e-06  -3.8349670e-05
   7.6631402e+04  -1.0477640e-05  -3.4798740e-05
   7.7451616e+04  -1.5473560e-05  -3.0510040e-05
   7.8280609e+04  -1.9392500e-05  -2.5708370e-05
   7.9118475e+04  -2.2228500e-05  -2.0609790e-05
   7.9965309e+04  -2.4011820e-05  -1.5415470e-05
   8.0821207e+04  -2.4803850e-05  -1.0306810e-05
   8.1686266e+04  -2.4691480e-05  -5.4417440e-06
   8.2560584e+04  -2.3781440e-05  -9.5223020e-07
   8.3444260e+04  -2.5312240e-05  -5.2069250e-06
   8.4337395e+04  -2.6203320e-05  -1.0034980e-05
   8.5240089e+04  -2.6308080e-05  -1.5364720e-05
   8.6152445e+04  -2.5482030e-05  -2.1093550e-05
   8.7074566e+04  -2.3588430e-05  -2.7086100e-05
   8.8006557e+04  -2.0504610e-05  -3.3173250e-05
   8.8948524e+04  -1.6128910e-05  -3.9152260e-05
   8.9900572e+04  -1.0388120e-05  -4.4787920e-05
   9.0862811e+04  -3.2451680e-06  -4.9815430e-05
   9.1835349e+04   5.2929820e-06  -5.3944440e-05
   9.2818297e+04  -1.0514540e-05  -4.6178630e-05
   9.3811765e+04  -2.1472660e-05  -3.5374490e-05
   9.4815867e+04  -2.7571600e-05  -2.3391370e-05
   9.5830716e+04  -2.9316910e-05  -1.1773310e-05
   9.6856427e+04  -2.7554190e-05  -1.6605560e-06
   9.7893117e+04  -2.3299360e-05   6.2353150e-06
   9.8940903e+04  -1.7591170e-05   1.1605090e-05
   9.9999904e+04  -1.1376050e-05   1.4479410e-05
