   1.9999981e+01  -1.2678400e-05   2.9742820e-05
   2.0214048e+01  -7.1652330e-06   3.5072170e-05
   2.0430406e+01  -4.3226590e-09   3.9632150e-05
   2.0649081e+01   8.7735910e-06   4.2992550e-05
   2.0870095e+01   1.9039870e-05   4.4693520e-05
   2.1093476e+01   3.0553150e-05   4.4264780e-05
   2.1319247e+01   4.2947380e-05   4.1249560e-05
   2.1547434e+01   5.5724370e-05   3.5233530e-05
   2.1778065e+01   6.8251870e-05   2.5877490e-05
   2.2011163e+01   7.9768990e-05   1.2953640e-05
   2.2246757e+01   8.9399940e-05  -3.6166430e-06
   2.2484872e+01   7.9611130e-05  -2.6801040e-05
   2.2725536e+01   6.4684670e-05  -4.5116140e-05
   2.2968776e+01   4.6410600e-05  -5.7690330e-05
   2.3214619e+01   2.6631590e-05  -6.4209530e-05
   2.3463093e+01   7.0908540e-06  -6.4875920e-05
   2.3714227e+01  -1.0693920e-05  -6.0330710e-05
   2.3968050e+01  -2.5523920e-05  -5.1551460e-05
   2.4224588e+01  -3.6576260e-05  -3.9734770e-05
   2.4483873e+01  -4.3424440e-05  -2.6175620e-05
   2.4745933e+01  -4.6025080e-05  -1.2153370e-05
   2.5010798e+01  -5.5197950e-05  -2.5203800e-06
   2.5278497e+01  -6.3247270e-05   1.0655650e-05
   2.5549063e+01  -6.9154150e-05   2.7576680e-05
   2.5822524e+01  -7.1713250e-05   4.8222380e-05
   2.6098911e+01  -6.9561720e-05   7.2274540e-05
   2.6378258e+01  -6.1231270e-05   9.9038400e-05
   2.6660594e+01  -4.5225950e-05   1.2736620e-04
   2.6945952e+01  -2.0129420e-05   1.5558920e-04
   2.7234364e+01   1.5256750e-05   1.8146740e-04
   2.7525864e+01   6.1743560e-05   2.0216540e-04
   2.7820483e+01   4.5084660e-05   2.0197820e-04
   2.8118256e+01   2.8837400e-05   2.0054430e-04
   2.8419216e+01   1.3085610e-05   1.9792410e-04
   2.8723397e+01  -2.0934320e-06   1.9418330e-04
   2.9030834e+01  -1.6629230e-05   1.8939160e-04
   2.9341562e+01  -3.0458180e-05   1.8362240e-04
   2.9655616e+01  -4.3523750e-05   1.7695220e-04
   2.9973031e+01  -5.5776470e-05   1.6945980e-04
   3.0293843e+01  -6.7173980e-05   1.6122590e-04
   3.0618089e+01  -7.7681020e-05   1.5233270e-04
   3.0945806e+01  -7.1839150e-05   1.5343330e-04
   3.1277030e+01  -6.6017720e-05   1.5432830e-04
   3.1611800e+01  -6.0223360e-05   1.5502040e-04
   3.1950152e+01  -5.4462650e-05   1.5551240e-04
   3.2292126e+01  -4.8741890e-05   1.5580740e-04
   3.2637761e+01  -4.3067300e-05   1.5590870e-04
   3.2987095e+01  -3.7444840e-05   1.5581960e-04
   3.3340168e+01  -3.1880360e-05   1.5554390e-04
   3.3697020e+01  -2.6379550e-05   1.5508530e-04
   3.4057691e+01  -2.0947870e-05   1.5444760e-04
   3.4422223e+01   1.8608370e-05   1.5196350e-04
   3.4790657e+01   5.5571220e-05   1.3974010e-04
   3.5163034e+01   8.7641690e-05   1.1891020e-04
   3.5539397e+01   1.1291790e-04   9.1123120e-05
   3.5919788e+01   1.3000400e-04   5.8420210e-05
   3.6304251e+01   1.3808330e-04   2.3088870e-05
   3.6692829e+01   1.3694970e-04  -1.2493840e-05
   3.7085566e+01   1.2700020e-04  -4.6018180e-05
   3.7482506e+01   1.0918800e-04  -7.5388710e-05
   3.7883695e+01   8.4941230e-05  -9.8852020e-05
   3.8289178e+01   7.2569160e-05  -1.1372640e-04
   3.8699001e+01   5.7714360e-05  -1.2715710e-04
   3.9113211e+01   4.0526790e-05  -1.3874500e-04
   3.9531854e+01   2.1218610e-05  -1.4810330e-04
   3.9954978e+01   6.3826360e-08  -1.5486630e-04
   4.0382631e+01  -2.2603300e-05  -1.5869980e-04
   4.0814861e+01  -4.6391280e-05  -1.5931010e-04
   4.1251717e+01  -7.0856000e-05  -1.5645350e-04
   4.1693249e+01  -9.5506680e-05  -1.4994520e-04
   4.2139508e+01  -1.1981340e-04  -1.3966830e-04
   4.2590542e+01  -1.4285180e-04  -1.1917140e-04
   4.3046404e+01  -1.6238620e-04  -9.4876640e-05
   4.3507146e+01  -1.7779110e-04  -6.7382430e-05
   4.3972819e+01  -1.8854280e-04  -3.7390400e-05
   4.4443476e+01  -1.9423690e-04  -5.6876900e-06
   4.4919171e+01  -1.9460220e-04   2.6873110e-05
   4.5399957e+01  -1.8951090e-04   5.9396600e-05
   4.5885890e+01  -1.7898590e-04   9.0968660e-05
   4.6377023e+01  -1.6320290e-04   1.2068180e-04
   4.6873413e+01  -1.4248940e-04   1.4766040e-04
   4.7375117e+01  -1.3292380e-04   1.6020460e-04
   4.7882190e+01  -1.2229380e-04   1.7216760e-04
   4.8394691e+01  -1.1063110e-04   1.8346190e-04
   4.8912677e+01  -9.7974600e-05   1.9400100e-04
   4.9436207e+01  -8.4370130e-05   2.0370090e-04
   4.9965341e+01  -6.9870460e-05   2.1247950e-04
   5.0500138e+01  -5.4535140e-05   2.2025830e-04
   5.1040660e+01  -3.8430500e-05   2.2696220e-04
   5.1586967e+01  -2.1629260e-05   2.3252000e-04
   5.2139121e+01  -4.2106360e-06   2.3686550e-04
   5.2697185e+01  -2.7864400e-05   2.2888540e-04
   5.3261223e+01  -4.9962030e-05   2.1878420e-04
   5.3831297e+01  -7.0340190e-05   2.0678620e-04
   5.4407473e+01  -8.8863230e-05   1.9312440e-04
   5.4989816e+01  -1.0542320e-04   1.7803820e-04
   5.5578393e+01  -1.1993980e-04   1.6177030e-04
   5.6173268e+01  -1.3235940e-04   1.4456350e-04
   5.6774512e+01  -1.4265480e-04   1.2665840e-04
   5.7382190e+01  -1.5082350e-04   1.0829070e-04
   5.7996373e+01  -1.5688680e-04   8.9688680e-05
   5.8617129e+01  -1.0870100e-04   1.0842070e-04
   5.9244530e+01  -6.5026010e-05   1.1306730e-04
   5.9878646e+01  -2.8181210e-05   1.0716740e-04
   6.0519549e+01   7.1833950e-07   9.4138270e-05
   6.1167312e+01   2.1518120e-05   7.7029880e-05
   6.1822008e+01   3.4769520e-05   5.8377430e-05
   6.2483712e+01   4.1488260e-05   4.0137070e-05
   6.3152498e+01   4.2942100e-05   2.3686990e-05
   6.3828442e+01   4.0476960e-05   9.8753460e-06
   6.4511621e+01   3.5384920e-05  -9.0156580e-07
   6.5202113e+01   3.7543340e-05   1.0726190e-05
   6.5899995e+01   3.5978690e-05   2.3677640e-05
   6.6605347e+01   3.0058480e-05   3.6793970e-05
   6.7318248e+01   1.9499190e-05   4.8646740e-05
   6.8038780e+01   4.4737980e-06   5.7638850e-05
   6.8767024e+01  -1.4308730e-05   6.2146270e-05
   6.9503063e+01  -3.5566270e-05   6.0693470e-05
   7.0246980e+01  -5.7462420e-05   5.2150420e-05
   7.0998859e+01  -7.7691350e-05   3.5933470e-05
   7.1758786e+01  -9.3633240e-05   1.2189220e-05
   7.2526846e+01  -9.8025270e-05  -1.4331910e-05
   7.3303128e+01  -9.4914590e-05  -4.2364370e-05
   7.4087718e+01  -8.3797190e-05  -6.9788350e-05
   7.4880706e+01  -6.4767190e-05  -9.4319680e-05
   7.5682182e+01  -3.8569520e-05  -1.1367840e-04
   7.6492236e+01  -6.6052260e-06  -1.2577430e-04
   7.7310961e+01   2.9116050e-05  -1.2889460e-04
   7.8138448e+01   6.6077610e-05  -1.2188200e-04
   7.8974793e+01   1.0140860e-04  -1.0428350e-04
   7.9820089e+01   1.3208060e-04  -7.6458800e-05
   8.0674432e+01   1.5289700e-04  -4.7634000e-05
   8.1537921e+01   1.6751960e-04  -1.3308910e-05
   8.2410651e+01   1.7452820e-04   2.5209590e-05
   8.3292722e+01   1.7277260e-04   6.6254850e-05
   8.4184235e+01   1.6146180e-04   1.0785450e-04
   8.5085290e+01   1.4024340e-04   1.4780680e-04
   8.5995989e+01   1.0926740e-04   1.8377650e-04
   8.6916435e+01   6.9228190e-05   2.1340860e-04
   8.7846734e+01   2.1382580e-05   2.3445390e-04
   8.8786990e+01  -3.2462000e-05   2.4490220e-04
   8.9737309e+01  -4.4870170e-07   2.4094560e-04
   9.0697801e+01   3.0011280e-05   2.3307420e-04
   9.1668573e+01   5.8474390e-05   2.2161290e-04
   9.2649735e+01   8.4552720e-05   2.0693220e-04
   9.3641399e+01   1.0791790e-04   1.8943940e-04
   9.4643677e+01   1.2830400e-04   1.6956980e-04
   9.5656683e+01   1.4550860e-04   1.4777810e-04
   9.6680532e+01   1.5939360e-04   1.2452950e-04
   9.7715339e+01   1.6988410e-04   1.0029140e-04
   9.8761222e+01   1.7696650e-04   7.5525120e-05
   9.9818300e+01   1.7197790e-04   5.0433690e-05
   1.0088669e+02   1.6460970e-04   2.7772520e-05
   1.0196652e+02   1.5530680e-04   7.6204610e-06
   1.0305790e+02   1.4449000e-04  -9.9984010e-06
   1.0416097e+02   1.3255100e-04  -2.5107960e-05
   1.0527584e+02   1.1984930e-04  -3.7773320e-05
   1.0640265e+02   1.0671040e-04  -4.8094160e-05
   1.0754152e+02   9.3424530e-05  -5.6198430e-05
   1.0869257e+02   8.0246000e-05  -6.2236290e-05
   1.0985595e+02   6.7393570e-05  -6.6374650e-05
   1.1103178e+02   6.6941620e-05  -6.4792420e-05
   1.1222019e+02   6.6482940e-05  -6.3238010e-05
   1.1342133e+02   6.6017920e-05  -6.1711080e-05
   1.1463532e+02   6.5546840e-05  -6.0211230e-05
   1.1586230e+02   6.5070070e-05  -5.8738160e-05
   1.1710242e+02   6.4587900e-05  -5.7291470e-05
   1.1835581e+02   6.4100620e-05  -5.5870810e-05
   1.1962261e+02   6.3608560e-05  -5.4475830e-05
   1.2090298e+02   6.3112020e-05  -5.3106190e-05
   1.2219705e+02   6.2611200e-05  -5.1761490e-05
   1.2350497e+02   7.3067330e-05  -4.3713760e-05
   1.2482688e+02   8.2626250e-05  -3.3719810e-05
   1.2616295e+02   9.0947420e-05  -2.1851490e-05
   1.2751332e+02   9.7689290e-05  -8.2371860e-06
   1.2887814e+02   1.0251840e-04   6.9359800e-06
   1.3025757e+02   1.0511890e-04   2.3421350e-05
   1.3165177e+02   1.0520250e-04   4.0913340e-05
   1.3306088e+02   1.0251910e-04   5.9049690e-05
   1.3448508e+02   9.6866730e-05   7.7415440e-05
   1.3592453e+02   8.8101730e-05   9.5548440e-05
   1.3737938e+02   1.2268210e-04   7.7979620e-05
   1.3884980e+02   1.5501630e-04   4.9055050e-05
   1.4033596e+02   1.8166070e-04   8.5002850e-06
   1.4183803e+02   1.9881380e-04  -4.2992130e-05
   1.4335617e+02   2.0256510e-04  -1.0358160e-04
   1.4489057e+02   1.8921630e-04  -1.7015540e-04
   1.4644138e+02   1.5566360e-04  -2.3828620e-04
   1.4800880e+02   9.9823680e-05  -3.0229650e-04
   1.4959299e+02   2.1075090e-05  -3.5545110e-04
   1.5119414e+02  -7.9318990e-05  -3.9029030e-04
   1.5281243e+02  -1.6968010e-04  -3.3511480e-04
   1.5444803e+02  -2.3806650e-04  -2.6235280e-04
   1.5610115e+02  -2.8207320e-04  -1.7908950e-04
   1.5777195e+02  -3.0128400e-04  -9.2369320e-05
   1.5946065e+02  -2.9708040e-04  -8.7026190e-06
   1.6116741e+02  -2.7234700e-04   6.6335210e-05
   1.6289245e+02  -2.3109930e-04   1.2839470e-04
   1.6463594e+02  -1.7807720e-04   1.7452390e-04
   1.6639810e+02  -1.1832860e-04   2.0322310e-04
   1.6817912e+02  -5.6819260e-05   2.1438960e-04
   1.6997921e+02  -8.9127520e-06   1.9144640e-04
   1.7179855e+02   2.7370240e-05   1.6333410e-04
   1.7363738e+02   5.2892900e-05   1.3297450e-04
   1.7549588e+02   6.8916950e-05   1.0267800e-04
   1.7737428e+02   7.6929290e-05   7.4166440e-05
   1.7927278e+02   7.8499740e-05   4.8622960e-05
   1.8119160e+02   7.5169970e-05   2.6760820e-05
   1.8313096e+02   6.8372190e-05   8.9014480e-06
   1.8509108e+02   5.9374700e-05  -4.9446960e-06
   1.8707218e+02   4.9250820e-05  -1.4999930e-05
   1.8907448e+02   5.5431220e-05  -2.5212060e-05
   1.9109822e+02   6.1097950e-05  -3.8143630e-05
   1.9314361e+02   6.5741460e-05  -5.4184600e-05
   1.9521090e+02   6.8703820e-05  -7.3713380e-05
   1.9730031e+02   6.9155020e-05  -9.7071830e-05
   1.9941209e+02   6.6068850e-05  -1.2453240e-04
   2.0154647e+02   5.8199750e-05  -1.5625570e-04
   2.0370369e+02   4.4062280e-05  -1.9223740e-04
   2.0588401e+02   2.1915280e-05  -2.3224240e-04
   2.0808766e+02  -1.0246510e-05  -2.7572560e-04
   2.1031490e+02  -6.0659930e-05  -2.5827290e-04
   2.1256598e+02  -1.0500120e-04  -2.3248180e-04
   2.1484115e+02  -1.4207080e-04  -1.9994570e-04
   2.1714067e+02  -1.7103170e-04  -1.6238990e-04
   2.1946481e+02  -1.9141300e-04  -1.2159720e-04
   2.2181382e+02  -2.0310030e-04  -7.9336970e-05
   2.2418798e+02  -2.0631270e-04  -3.7299870e-05
   2.2658754e+02  -2.0156970e-04   2.9593930e-06
   2.2901279e+02  -1.8964890e-04   4.0069900e-05
   2.3146400e+02  -1.7153790e-04   7.2881880e-05
   2.3394145e+02  -1.5461630e-04   9.0203750e-05
   2.3644541e+02  -1.3639710e-04   1.0465950e-04
   2.3897617e+02  -1.1728840e-04   1.1622730e-04
   2.4153402e+02  -9.7681840e-05   1.2493600e-04
   2.4411925e+02  -7.7946910e-05   1.3086030e-04
   2.4673214e+02  -5.8426790e-05   1.3411610e-04
   2.4937301e+02  -3.9434300e-05   1.3485530e-04
   2.5204214e+02  -2.1249130e-05   1.3326080e-04
   2.5473984e+02  -4.1156260e-06   1.2954050e-04
   2.5746641e+02   1.1758440e-05   1.2392180e-04
   2.6022217e+02  -1.2316740e-05   1.2498790e-04
   2.6300742e+02  -3.6363480e-05   1.2138870e-04
   2.6582249e+02  -5.9479990e-05   1.1317490e-04
   2.6866768e+02  -8.0783140e-05   1.0057160e-04
   2.7154333e+02  -9.9441780e-05   8.3972040e-05
   2.7444976e+02  -1.1470910e-04   6.3926550e-05
   2.7738730e+02  -1.2595180e-04   4.1124370e-05
   2.8035628e+02  -1.3267610e-04   1.6370570e-05
   2.8335703e+02  -1.3454870e-04  -9.4422200e-06
   2.8638991e+02  -1.3141230e-04  -3.5365450e-05
   2.8945524e+02  -1.3272810e-04  -3.4417110e-05
   2.9255339e+02  -1.3404500e-04  -3.3449450e-05
   2.9568469e+02  -1.3536290e-04  -3.2462350e-05
   2.9884952e+02  -1.3668160e-04  -3.1455630e-05
   3.0204821e+02  -1.3800080e-04  -3.0429160e-05
   3.0528114e+02  -1.3932060e-04  -2.9382770e-05
   3.0854868e+02  -1.4064060e-04  -2.8316310e-05
   3.1185119e+02  -1.4196070e-04  -2.7229620e-05
   3.1518905e+02  -1.4328070e-04  -2.6122550e-05
   3.1856263e+02  -1.4460040e-04  -2.4994970e-05
   3.2197233e+02  -1.6499270e-04  -4.1249110e-05
   3.2541851e+02  -1.8717260e-04  -6.1778720e-05
   3.2890159e+02  -2.1105360e-04  -8.7402660e-05
   3.3242194e+02  -2.3646480e-04  -1.1906010e-04
   3.3597998e+02  -2.6312920e-04  -1.5782180e-04
   3.3957609e+02  -2.9063480e-04  -2.0490180e-04
   3.4321070e+02  -3.1840130e-04  -2.6166790e-04
   3.4688421e+02  -3.4564180e-04  -3.2965160e-04
   3.5059704e+02  -3.7131530e-04  -4.1055550e-04
   3.5434961e+02  -3.9407300e-04  -5.0625780e-04
   3.5814234e+02  -2.8666340e-04  -4.7431620e-04
   3.6197567e+02  -1.9776250e-04  -4.3600900e-04
   3.6585003e+02  -1.2538630e-04  -3.9411990e-04
   3.6976586e+02  -6.7549720e-05  -3.5083580e-04
   3.7372360e+02  -2.2327950e-05  -3.0783140e-04
   3.7772370e+02   1.2100260e-05  -2.6634750e-04
   3.8176661e+02   3.7423340e-05  -2.2726380e-04
   3.8585280e+02   5.5179120e-05  -1.9116400e-04
   3.8998272e+02   6.6746010e-05  -1.5839210e-04
   3.9415685e+02   7.3341460e-05  -1.2910350e-04
   3.9837566e+02   6.1618060e-05  -1.3356720e-04
   4.0263962e+02   4.9672690e-05  -1.3699470e-04
   4.0694922e+02   3.7594760e-05  -1.3938060e-04
   4.1130495e+02   2.5472920e-05  -1.4072730e-04
   4.1570729e+02   1.3394520e-05  -1.4104450e-04
   4.2015676e+02   1.4449630e-06  -1.4034910e-04
   4.2465385e+02  -1.0292860e-05  -1.3866480e-04
   4.2919908e+02  -2.1739080e-05  -1.3602210e-04
   4.3379295e+02  -3.2817440e-05  -1.3245760e-04
   4.3843600e+02  -4.3455650e-05  -1.2801390e-04
   4.4312874e+02  -4.8044010e-05  -1.3202510e-04
   4.4787171e+02  -5.2902010e-05  -1.3608910e-04
   4.5266545e+02  -5.8041370e-05  -1.4020180e-04
   4.5751049e+02  -6.3474160e-05  -1.4435880e-04
   4.6240739e+02  -6.9212790e-05  -1.4855520e-04
   4.6735671e+02  -7.5270120e-05  -1.5278550e-04
   4.7235900e+02  -8.1659340e-05  -1.5704400e-04
   4.7741483e+02  -8.8394020e-05  -1.6132410e-04
   4.8252478e+02  -9.5488110e-05  -1.6561900e-04
   4.8768942e+02  -1.0295590e-04  -1.6992090e-04
   4.9290934e+02  -1.0328580e-04  -1.8938860e-04
   4.9818513e+02  -1.0268280e-04  -2.1052070e-04
   5.0351738e+02  -1.0098560e-04  -2.3341220e-04
   5.0890672e+02  -9.8015030e-05  -2.5815800e-04
   5.1435373e+02  -9.3571510e-05  -2.8485240e-04
   5.1985905e+02  -8.7434240e-05  -3.1358740e-04
   5.2542329e+02  -7.9359090e-05  -3.4445240e-04
   5.3104709e+02  -6.9076880e-05  -3.7753180e-04
   5.3673108e+02  -5.6291470e-05  -4.1290440e-04
   5.4247591e+02  -4.0677780e-05  -4.5063990e-04
   5.4828223e+02   1.6355240e-05  -3.7678020e-04
   5.5415069e+02   5.5281600e-05  -3.0944230e-04
   5.6008197e+02   7.9973180e-05  -2.4949960e-04
   5.6607674e+02   9.3725350e-05  -1.9724400e-04
   5.7213566e+02   9.9292740e-05  -1.5255140e-04
   5.7825944e+02   9.8937200e-05  -1.1501380e-04
   5.8444876e+02   9.4482020e-05  -8.4043760e-05
   5.9070433e+02   8.7368230e-05  -5.8953510e-05
   5.9702686e+02   7.8709980e-05  -3.9015280e-05
   6.0341706e+02   6.9346990e-05  -2.3504240e-05
   6.0987565e+02   6.0024550e-05  -3.9721380e-05
   6.1640337e+02   4.7098980e-05  -5.2799570e-05
   6.2300096e+02   3.1535260e-05  -6.1991060e-05
   6.2966917e+02   1.4438090e-05  -6.6827040e-05
   6.3640875e+02  -3.0250700e-06  -6.7138680e-05
   6.4322047e+02  -1.9702170e-05  -6.3058180e-05
   6.5010509e+02  -3.4531310e-05  -5.4999830e-05
   6.5706341e+02  -4.6606980e-05  -4.3623670e-05
   6.6409620e+02  -5.5233940e-05  -2.9783960e-05
   6.7120426e+02  -5.9965380e-05  -1.4467090e-05
   6.7838841e+02  -6.5777930e-05  -3.1528970e-05
   6.8564945e+02  -6.8289390e-05  -5.2694910e-05
   6.9298821e+02  -6.5970510e-05  -7.7792460e-05
   7.0040551e+02  -5.7095260e-05  -1.0624470e-04
   7.0790221e+02  -3.9809890e-05  -1.3695860e-04
   7.1547915e+02  -1.2240290e-05  -1.6821270e-04
   7.2313718e+02   2.7355940e-05  -1.9755330e-04
   7.3087719e+02   8.0388400e-05  -2.2171340e-04
   7.3870003e+02   1.4768100e-04  -2.3656640e-04
   7.4660661e+02   2.2916840e-04  -2.3713760e-04
   7.5459782e+02   2.4426330e-04  -2.3661310e-04
   7.6267455e+02   2.5980320e-04  -2.3555900e-04
   7.7083774e+02   2.7578380e-04  -2.3394380e-04
   7.7908830e+02   2.9219940e-04  -2.3173550e-04
   7.8742717e+02   3.0904340e-04  -2.2890100e-04
   7.9585529e+02   3.2630740e-04  -2.2540660e-04
   8.0437362e+02   3.4398200e-04  -2.2121770e-04
   8.1298313e+02   3.6205610e-04  -2.1629900e-04
   8.2168478e+02   3.8051720e-04  -2.1061460e-04
   8.3047958e+02   3.9935050e-04  -2.0412780e-04
   8.3936850e+02   3.5648740e-04  -1.8789510e-04
   8.4835257e+02   3.1816090e-04  -1.7282810e-04
   8.5743280e+02   2.8389710e-04  -1.5885950e-04
   8.6661022e+02   2.5327090e-04  -1.4592360e-04
   8.7588587e+02   2.2590140e-04  -1.3395640e-04
   8.8526080e+02   2.0144660e-04  -1.2289630e-04
   8.9473607e+02   1.7960030e-04  -1.1268390e-04
   9.0431276e+02   1.6008810e-04  -1.0326260e-04
   9.1399195e+02   1.4266400e-04  -9.4578360e-05
   9.2377474e+02   1.2710760e-04  -8.6579870e-05
   9.3366224e+02   1.4638370e-04  -7.9469540e-05
   9.4365557e+02   1.6638160e-04  -6.9711030e-05
   9.5375586e+02   1.8686890e-04  -5.7020420e-05
   9.6396426e+02   2.0756500e-04  -4.1117100e-05
   9.7428192e+02   2.2813650e-04  -2.1729140e-05
   9.8471002e+02   2.4819470e-04   1.4001700e-06
   9.9524973e+02   2.6729290e-04   2.8505190e-05
   1.0059023e+03   2.8492410e-04   5.9789870e-05
   1.0166688e+03   3.0051990e-04   9.5418780e-05
   1.0275506e+03   3.1345050e-04   1.3550760e-04
   1.0385488e+03   2.8986860e-04   1.4798100e-04
   1.0496648e+03   2.6667960e-04   1.5840760e-04
   1.0608997e+03   2.4398910e-04   1.6691140e-04
   1.0722549e+03   2.2188990e-04   1.7361710e-04
   1.0837317e+03   2.0046260e-04   1.7864830e-04
   1.0953313e+03   1.7977630e-04   1.8212800e-04
   1.1070550e+03   1.5988950e-04   1.8417710e-04
   1.1189042e+03   1.4085010e-04   1.8491430e-04
   1.1308802e+03   1.2269670e-04   1.8445540e-04
   1.1429845e+03   1.0545880e-04   1.8291270e-04
   1.1552183e+03   8.8967710e-05   1.8164400e-04
   1.1675830e+03   7.3287790e-05   1.7936510e-04
   1.1800801e+03   5.8448590e-05   1.7617300e-04
   1.1927109e+03   4.4471960e-05   1.7216250e-04
   1.2054769e+03   3.1372680e-05   1.6742550e-04
   1.2183796e+03   1.9158960e-05   1.6205100e-04
   1.2314203e+03   7.8328460e-06   1.5612430e-04
   1.2446007e+03  -2.6092020e-06   1.4972720e-04
   1.2579221e+03  -1.2175860e-05   1.4293780e-04
   1.2713861e+03  -2.0880360e-05   1.3582990e-04
   1.2849942e+03  -2.9994420e-05   1.3218550e-04
   1.2987480e+03  -3.8707850e-05   1.2796570e-04
   1.3126489e+03  -4.6987090e-05   1.2320780e-04
   1.3266987e+03  -5.4801680e-05   1.1795060e-04
   1.3408989e+03  -6.2124380e-05   1.1223440e-04
   1.3552510e+03  -6.8931240e-05   1.0610090e-04
   1.3697567e+03  -7.5201490e-05   9.9592830e-05
   1.3844177e+03  -8.0917720e-05   9.2753460e-05
   1.3992357e+03  -8.6065860e-05   8.5626710e-05
   1.4142122e+03  -9.0635170e-05   7.8256840e-05
   1.4293490e+03  -9.6866560e-05   6.8520670e-05
   1.4446479e+03  -1.0208200e-04   5.8322990e-05
   1.4601105e+03  -1.0625120e-04   4.7767150e-05
   1.4757386e+03  -1.0935460e-04   3.6958060e-05
   1.4915340e+03  -1.1138250e-04   2.6001050e-05
   1.5074984e+03  -1.1233560e-04   1.5000930e-05
   1.5236337e+03  -1.1222450e-04   4.0609730e-06
   1.5399417e+03  -1.1106950e-04  -6.7179580e-06
   1.5564243e+03  -1.0890060e-04  -1.7238340e-05
   1.5730832e+03  -1.0575630e-04  -2.7406860e-05
   1.5899205e+03  -9.4245030e-05   9.4079140e-07
   1.6069380e+03  -7.8286120e-05   2.1964690e-05
   1.6241377e+03  -6.0268770e-05   3.5889020e-05
   1.6415214e+03  -4.2132550e-05   4.3437420e-05
   1.6590912e+03  -2.5330240e-05   4.5648510e-05
   1.6768491e+03  -1.0838520e-05   4.3713920e-05
   1.6947970e+03   7.9698780e-07   3.8845630e-05
   1.7129371e+03   9.3941830e-06   3.2175760e-05
   1.7312713e+03   1.5055850e-05   2.4688200e-05
   1.7498017e+03   1.8088690e-05   1.7179320e-05
   1.7685305e+03   1.6858290e-05   2.1730940e-05
   1.7874597e+03   1.4760530e-05   2.6487100e-05
   1.8065915e+03   1.1683440e-05   3.1321990e-05
   1.8259281e+03   7.5259060e-06   3.6079840e-05
   1.8454717e+03   2.2036220e-06   4.0574110e-05
   1.8652245e+03  -4.3442770e-06   4.4587440e-05
   1.8851887e+03  -1.2148000e-05   4.7872840e-05
   1.9053665e+03  -2.1199380e-05   5.0156060e-05
   1.9257604e+03  -3.1443950e-05   5.1139600e-05
   1.9463725e+03  -4.2772870e-05   5.0508310e-05
   1.9672052e+03  -3.8665840e-05   4.0448540e-05
   1.9882609e+03  -3.4688120e-05   3.2167930e-05
   2.0095420e+03  -3.0910070e-05   2.5382200e-05
   2.0310509e+03  -2.7376510e-05   1.9847850e-05
   2.0527900e+03  -2.4112970e-05   1.5357110e-05
   2.0747617e+03  -2.1130400e-05   1.1733360e-05
   2.0969687e+03  -1.8429030e-05   8.8269680e-06
   2.1194133e+03  -1.6001460e-05   6.5116570e-06
   2.1420982e+03  -1.3835040e-05   4.6812360e-06
   2.1650258e+03  -1.1913660e-05   3.2467410e-06
   2.1881989e+03  -1.4364630e-05   4.7160570e-06
   2.2116200e+03  -1.7269660e-05   6.6661910e-06
   2.2352918e+03  -2.0699790e-05   9.2326940e-06
   2.2592169e+03  -2.4733430e-05   1.2585770e-05
   2.2833981e+03  -2.9455780e-05   1.6938450e-05
   2.3078382e+03  -3.4957680e-05   2.2556560e-05
   2.3325398e+03  -4.1333600e-05   2.9770840e-05
   2.3575059e+03  -4.8678290e-05   3.8991620e-05
   2.3827391e+03  -5.7081960e-05   5.0726600e-05
   2.4082424e+03  -6.6623170e-05   6.5602200e-05
   2.4340187e+03  -6.1880320e-05   8.1960940e-05
   2.4600709e+03  -5.4105060e-05   9.8976460e-05
   2.4864020e+03  -4.2929530e-05   1.1621970e-04
   2.5130149e+03  -2.8022740e-05   1.3316540e-04
   2.5399126e+03  -9.1091630e-06   1.4918990e-04
   2.5670982e+03   1.4010580e-05   1.6357130e-04
   2.5945748e+03   4.1437460e-05   1.7549320e-04
   2.6223455e+03   7.3150400e-05   1.8405220e-04
   2.6504134e+03   1.0898170e-04   1.8827040e-04
   2.6787817e+03   1.4859190e-04   1.8711150e-04
   2.7074537e+03   1.4489180e-04   1.7458930e-04
   2.7364326e+03   1.4112290e-04   1.6277730e-04
   2.7657216e+03   1.3730330e-04   1.5164110e-04
   2.7953242e+03   1.3344920e-04   1.4114720e-04
   2.8252436e+03   1.2957580e-04   1.3126390e-04
   2.8554832e+03   1.2569630e-04   1.2196080e-04
   2.8860465e+03   1.2182300e-04   1.1320850e-04
   2.9169369e+03   1.1796690e-04   1.0497890e-04
   2.9481579e+03   1.1413770e-04   9.7245190e-05
   2.9797131e+03   1.1034450e-04   8.9981920e-05
   3.0116061e+03   1.0188980e-04   1.0709240e-04
   3.0438404e+03   9.0946480e-05   1.2361030e-04
   3.0764198e+03   7.7517390e-05   1.3919280e-04
   3.1093478e+03   6.1650430e-05   1.5348680e-04
   3.1426283e+03   4.3440940e-05   1.6613560e-04
   3.1762650e+03   2.3033800e-05   1.7678360e-04
   3.2102617e+03   6.2465310e-07   1.8508400e-04
   3.2446224e+03  -2.3539670e-05   1.9070470e-04
   3.2793507e+03  -4.9161570e-05   1.9333640e-04
   3.3144508e+03  -7.5894220e-05   1.9269920e-04
   3.3499266e+03  -1.0298990e-04   1.6821980e-04
   3.3857821e+03  -1.2436460e-04   1.4078700e-04
   3.4220214e+03  -1.3988580e-04   1.1152810e-04
   3.4586485e+03  -1.4961520e-04   8.1522610e-05
   3.4956677e+03  -1.5378890e-04   5.1772670e-05
   3.5330831e+03  -1.5279370e-04   2.3179340e-05
   3.5708990e+03  -1.4714110e-04  -3.4760070e-06
   3.6091197e+03  -1.3743990e-04  -2.7544940e-05
   3.6477494e+03  -1.2436810e-04  -4.8519700e-05
   3.6867926e+03  -1.0864540e-04  -6.6035790e-05
   3.7262537e+03  -1.0483930e-04  -8.3142740e-05
   3.7661371e+03  -9.8631590e-05  -1.0051070e-04
   3.8064475e+03  -8.9881840e-05  -1.1783790e-04
   3.8471893e+03  -7.8482800e-05  -1.3479070e-04
   3.8883672e+03  -6.4365900e-05  -1.5100670e-04
   3.9299858e+03  -4.7506950e-05  -1.6609840e-04
   3.9720499e+03  -2.7931170e-05  -1.7965820e-04
   4.0145642e+03  -5.7181710e-06  -1.9126350e-04
   4.0575335e+03   1.8993770e-05  -2.0048360e-04
   4.1009628e+03   4.6004020e-05  -2.0688660e-04
   4.1448569e+03   7.5046620e-05  -2.1004760e-04
   4.1892209e+03   3.0135250e-05  -1.7940490e-04
   4.2340596e+03  -1.5295820e-06  -1.4836260e-04
   4.2793783e+03  -2.2501670e-05  -1.1889880e-04
   4.3251821e+03  -3.5115040e-05  -9.2235530e-05
   4.3714761e+03  -4.1418910e-05  -6.9019400e-05
   4.4182656e+03  -4.3151250e-05  -4.9475620e-05
   4.4655559e+03  -4.1739780e-05  -3.3535810e-05
   4.5133524e+03  -3.8320900e-05  -2.0940360e-05
   4.5616605e+03  -3.3769900e-05  -1.1317900e-05
   4.6104856e+03  -2.8736190e-05  -4.2447440e-06
   4.6598333e+03  -2.9799620e-05  -1.4678270e-05
   4.7097092e+03  -2.7305890e-05  -2.6409470e-05
   4.7601190e+03  -2.0485310e-05  -3.8308510e-05
   4.8110683e+03  -8.8953290e-06  -4.8875980e-05
   4.8625629e+03   7.4210970e-06  -5.6324610e-05
   4.9146087e+03   2.7791690e-05  -5.8723560e-05
   4.9672115e+03   5.0808800e-05  -5.4206100e-05
   5.0203774e+03   7.4286610e-05  -4.1232450e-05
   5.0741124e+03   9.5306470e-05  -1.8891290e-05
   5.1284225e+03   1.1037200e-04   1.2787960e-05
   5.1833139e+03   1.1643070e-04   1.8594640e-05
   5.2387928e+03   1.2258900e-04   2.5027270e-05
   5.2948655e+03   1.2882430e-04   3.2128070e-05
   5.3515384e+03   1.3511100e-04   3.9940780e-05
   5.4088179e+03   1.4141930e-04   4.8510580e-05
   5.4667104e+03   1.4771620e-04   5.7883990e-05
   5.5252226e+03   1.5396430e-04   6.8108880e-05
   5.5843611e+03   1.6012180e-04   7.9234290e-05
   5.6441326e+03   1.6614200e-04   9.1310230e-05
   5.7045438e+03   1.7197350e-04   1.0438760e-04
   5.7656016e+03   1.7882450e-04   5.4877430e-05
   5.8273130e+03   1.7370930e-04   8.6859890e-06
   5.8896848e+03   1.5856430e-04  -3.1784970e-05
   5.9527243e+03   1.3568310e-04  -6.4812120e-05
   6.0164385e+03   1.0752580e-04  -8.9365050e-05
   6.0808346e+03   7.6545150e-05  -1.0507600e-04
   6.1459201e+03   4.5035960e-05  -1.1217290e-04
   6.2117021e+03   1.5014750e-05  -1.1138450e-04
   6.2781882e+03  -1.1866890e-05  -1.0382730e-04
   6.3453860e+03  -3.4374880e-05  -9.0884820e-05
   6.4133030e+03  -2.8612730e-05  -9.5875480e-05
   6.4819469e+03  -2.2327150e-05  -1.0057690e-04
   6.5513256e+03  -1.5525290e-05  -1.0494270e-04
   6.6214468e+03  -8.2178910e-06  -1.0892580e-04
   6.6923186e+03  -4.1944200e-07  -1.1247850e-04
   6.7639489e+03   7.8516480e-06  -1.1555320e-04
   6.8363459e+03   1.6572970e-05  -1.1810210e-04
   6.9095179e+03   2.5717990e-05  -1.2007770e-04
   6.9834730e+03   3.5255950e-05  -1.2143340e-04
   7.0582196e+03   4.5151890e-05  -1.2212350e-04
   7.1337664e+03   1.3532550e-05  -1.3150310e-04
   7.2101217e+03  -1.9931220e-05  -1.3273460e-04
   7.2872943e+03  -5.3149180e-05  -1.2548720e-04
   7.3652928e+03  -8.3982350e-05  -1.0996440e-04
   7.4441263e+03  -1.1037870e-04  -8.6906650e-05
   7.5238035e+03  -1.3050770e-04  -5.7560810e-05
   7.6043335e+03  -1.4288420e-04  -2.3615720e-05
   7.6857255e+03  -1.4647480e-04   1.2892560e-05
   7.7679886e+03  -1.4077780e-04   4.9700660e-05
   7.8511323e+03  -1.2587230e-04   8.4456130e-05
   7.9351658e+03  -1.1639150e-04   9.7806810e-05
   8.0200988e+03  -1.0549610e-04   1.1009550e-04
   8.1059409e+03  -9.3304950e-05   1.2117230e-04
   8.1927017e+03  -7.9952520e-05   1.3090100e-04
   8.2803912e+03  -6.5587770e-05   1.3915990e-04
   8.3690193e+03  -5.0372320e-05   1.4584390e-04
   8.4585960e+03  -3.4478680e-05   1.5086570e-04
   8.5491314e+03  -1.8088260e-05   1.5415670e-04
   8.6406359e+03  -1.3894160e-06   1.5566840e-04
   8.7331198e+03   1.5424820e-05   1.5537250e-04
   8.8265936e+03   4.1603410e-05   1.4728750e-04
   8.9210679e+03   6.5476350e-05   1.3498340e-04
   9.0165533e+03   8.6398810e-05   1.1900440e-04
   9.1130608e+03   1.0384190e-04   9.9986250e-05
   9.2106013e+03   1.1740470e-04   7.8633530e-05
   9.3091857e+03   1.2682150e-04   5.5695160e-05
   9.4088253e+03   1.3196460e-04   3.1939510e-05
   9.5095314e+03   1.3284280e-04   8.1300800e-06
   9.6113155e+03   1.2959600e-04  -1.4997880e-05
   9.7141889e+03   1.2248550e-04  -3.6758790e-05
   9.8181634e+03   1.0461570e-04  -3.6800100e-05
   9.9232508e+03   8.9134310e-05  -3.6112580e-05
   1.0029463e+04   7.5751260e-05  -3.4890410e-05
   1.0136812e+04   6.4207660e-05  -3.3290020e-05
   1.0245310e+04   5.4272740e-05  -3.1436440e-05
   1.0354969e+04   4.5741580e-05  -2.9428650e-05
   1.0465802e+04   3.8432710e-05  -2.7344090e-05
   1.0577822e+04   3.2185730e-05  -2.5242510e-05
   1.0691040e+04   2.6859320e-05  -2.3169160e-05
   1.0805470e+04   2.2329210e-05  -2.1157510e-05
   1.0921125e+04   2.1261040e-05  -2.9963520e-05
   1.1038018e+04   1.7969220e-05  -4.0033990e-05
   1.1156162e+04   1.1779010e-05  -5.1070800e-05
   1.1275570e+04   1.9688740e-06  -6.2568360e-05
   1.1396257e+04  -1.2189440e-05  -7.3767110e-05
   1.1518235e+04  -3.1373250e-05  -8.3608250e-05
   1.1641519e+04  -5.6130860e-05  -9.0694360e-05
   1.1766123e+04  -8.6780970e-05  -9.3261120e-05
   1.1892060e+04  -1.2328820e-04  -8.9167260e-05
   1.2019345e+04  -1.6511460e-04  -7.5912320e-05
   1.2147992e+04  -1.1625140e-04  -9.9919580e-05
   1.2278017e+04  -7.1051050e-05  -1.0803380e-04
   1.2409433e+04  -3.2513400e-05  -1.0411140e-04
   1.2542256e+04  -2.1750550e-06  -9.1976820e-05
   1.2676500e+04   1.9606500e-05  -7.5088130e-05
   1.2812181e+04   3.3344910e-05  -5.6332510e-05
   1.2949315e+04   4.0127450e-05  -3.7931820e-05
   1.3087916e+04   4.1352020e-05  -2.1435030e-05
   1.3228001e+04   3.8512100e-05  -7.7735010e-06
   1.3369585e+04   3.3035070e-05   2.6445630e-06
   1.3512684e+04   3.9417740e-05   8.2589450e-06
   1.3657316e+04   4.6250210e-05   1.6006810e-05
   1.3803495e+04   5.3297440e-05   2.6395640e-05
   1.3951239e+04   6.0198150e-05   4.0001100e-05
   1.4100564e+04   6.6428460e-05   5.7461720e-05
   1.4251487e+04   7.1258880e-05   7.9466800e-05
   1.4404026e+04   7.3704090e-05   1.0673530e-04
   1.4558198e+04   7.2466020e-05   1.3998280e-04
   1.4714020e+04   6.5870040e-05   1.7987250e-04
   1.4871509e+04   5.1795560e-05   2.2694720e-04
   1.5030684e+04   1.8931280e-05   2.0621710e-04
   1.5191563e+04  -7.6047740e-06   1.8406580e-04
   1.5354164e+04  -2.8393360e-05   1.6140690e-04
   1.5518505e+04  -4.4054230e-05   1.3897760e-04
   1.5684606e+04  -5.5220680e-05   1.1735500e-04
   1.5852484e+04  -6.2519180e-05   9.6973190e-05
   1.6022159e+04  -6.6553230e-05   7.8141260e-05
   1.6193650e+04  -6.7891450e-05   6.1060610e-05
   1.6366976e+04  -6.7058880e-05   4.5841770e-05
   1.6542158e+04  -6.4531530e-05   3.2520470e-05
   1.6719215e+04  -6.9112800e-05   3.7137430e-05
   1.6898167e+04  -7.3953490e-05   4.2279210e-05
   1.7079034e+04  -7.9060770e-05   4.7998030e-05
   1.7261837e+04  -8.4440910e-05   5.4350730e-05
   1.7446597e+04  -9.0099130e-05   6.1399200e-05
   1.7633334e+04  -9.6039370e-05   6.9210810e-05
   1.7822070e+04  -1.0226380e-04   7.7858720e-05
   1.8012827e+04  -1.0877300e-04   8.7422420e-05
   1.8205625e+04  -1.1556500e-04   9.7988270e-05
   1.8400486e+04  -1.2263570e-04   1.0965000e-04
   1.8597433e+04  -1.0748790e-04   1.1400210e-04
   1.8796488e+04  -9.2759890e-05   1.1690380e-04
   1.8997674e+04  -7.8547820e-05   1.1846320e-04
   1.9201013e+04  -6.4934240e-05   1.1879040e-04
   1.9406529e+04  -5.1988510e-05   1.1799690e-04
   1.9614244e+04  -3.9767510e-05   1.1619410e-04
   1.9824182e+04  -2.8316090e-05   1.1349210e-04
   2.0036368e+04  -1.7667920e-05   1.0999930e-04
   2.0250824e+04  -7.8461550e-06   1.0582110e-04
   2.0467576e+04   1.1357090e-06   1.0105960e-04
   2.0686648e+04   9.8875990e-06   9.4749540e-05
   2.0908065e+04   1.7550800e-05   8.8063280e-05
   2.1131852e+04   2.4159370e-05   8.1119050e-05
   2.1358034e+04   2.9755610e-05   7.4024670e-05
   2.1586637e+04   3.4388640e-05   6.6877850e-05
   2.1817686e+04   3.8113060e-05   5.9765800e-05
   2.2051209e+04   4.0987780e-05   5.2765720e-05
   2.2287231e+04   4.3074750e-05   4.5944930e-05
   2.2525780e+04   4.4438080e-05   3.9361160e-05
   2.2766881e+04   4.5142930e-05   3.3063040e-05
   2.3010564e+04   3.9186280e-05   4.7982580e-05
   2.3256854e+04   2.8654970e-05   6.2315300e-05
   2.3505781e+04   1.3384340e-05   7.4747380e-05
   2.3757372e+04  -6.4368640e-06   8.3825040e-05
   2.4011656e+04  -3.0202210e-05   8.8042770e-05
   2.4268661e+04  -5.6843220e-05   8.5955820e-05
   2.4528418e+04  -8.4813260e-05   7.6312880e-05
   2.4790954e+04  -1.1210690e-04   5.8203000e-05
   2.5056301e+04  -1.3632190e-04   3.1207420e-05
   2.5324488e+04  -1.5476710e-04  -4.4546900e-06
   2.5595545e+04  -1.4080190e-04   3.4612130e-05
   2.5869504e+04  -1.1844520e-04   6.6387100e-05
   2.6146394e+04  -9.0334900e-05   8.9485940e-05
   2.6426249e+04  -5.9197130e-05   1.0331760e-04
   2.6709099e+04  -2.7640130e-05   1.0802930e-04
   2.6994976e+04   2.0187300e-06   1.0440470e-04
   2.7283913e+04   2.7883480e-05   9.3729740e-05
   2.7575943e+04   4.8563850e-05   7.7638410e-05
   2.7871098e+04   6.3212830e-05   5.7952500e-05
   2.8169413e+04   7.1520760e-05   3.6527670e-05
   2.8470920e+04   7.3671240e-05   1.5116290e-05
   2.8775655e+04   7.2368490e-05   4.5983700e-06
   2.9083651e+04   6.9720100e-05  -5.2714690e-06
   2.9394944e+04   6.5873330e-05  -1.4342770e-05
   2.9709569e+04   6.0988760e-05  -2.2491520e-05
   3.0027562e+04   5.5236370e-05  -2.9620750e-05
   3.0348958e+04   4.8791410e-05  -3.5660550e-05
   3.0673794e+04   4.1830560e-05  -4.0567550e-05
   3.1002107e+04   3.4528340e-05  -4.4323950e-05
   3.1333934e+04   2.7053750e-05  -4.6936020e-05
   3.1669312e+04   1.9567340e-05  -4.8432330e-05
   3.2008280e+04   1.4423580e-05  -5.3257180e-05
   3.2350877e+04   8.4215660e-06  -5.7669650e-05
   3.2697140e+04   1.5713970e-06  -6.1541610e-05
   3.3047110e+04  -6.1002350e-06  -6.4739860e-05
   3.3400825e+04  -1.4548560e-05  -6.7128150e-05
   3.3758326e+04  -2.3709460e-05  -6.8569220e-05
   3.4119654e+04  -3.3498440e-05  -6.8927140e-05
   3.4484849e+04  -4.3809730e-05  -6.8070090e-05
   3.4853953e+04  -5.4515820e-05  -6.5873020e-05
   3.5227008e+04  -6.5467310e-05  -6.2220980e-05
   3.5604055e+04  -5.1233750e-05  -7.4038530e-05
   3.5985139e+04  -3.4939360e-05  -8.2676110e-05
   3.6370301e+04  -1.7280580e-05  -8.7791170e-05
   3.6759586e+04   9.9320660e-07  -8.9191060e-05
   3.7153037e+04   1.9111470e-05  -8.6840200e-05
   3.7550699e+04   3.6315040e-05  -8.0860560e-05
   3.7952618e+04   5.1887830e-05  -7.1525650e-05
   3.8358839e+04   6.5186630e-05  -5.9247970e-05
   3.8769408e+04   7.5667620e-05  -4.4561030e-05
   3.9184371e+04   8.2908620e-05  -2.8096120e-05
   3.9603776e+04   7.7189310e-05  -4.3170430e-05
   4.0027670e+04   6.8733250e-05  -5.7092410e-05
   4.0456100e+04   5.7770640e-05  -6.9366000e-05
   4.0889117e+04   4.4621430e-05  -7.9540670e-05
   4.1326768e+04   2.9686410e-05  -8.7227890e-05
   4.1769104e+04   1.3435190e-05  -9.2115390e-05
   4.2216174e+04  -3.6082010e-06  -9.3979430e-05
   4.2668029e+04  -2.0882030e-05  -9.2694140e-05
   4.3124721e+04  -3.7805130e-05  -8.8237970e-05
   4.3586300e+04  -5.3796100e-05  -8.0696350e-05
   4.4052820e+04  -7.4877300e-05  -7.2708340e-05
   4.4524334e+04  -9.5245820e-05  -5.9528690e-05
   4.5000894e+04  -1.1368850e-04  -4.1048720e-05
   4.5482555e+04  -1.2890440e-04  -1.7428910e-05
   4.5969372e+04  -1.3956100e-04   1.0867200e-05
   4.6461399e+04  -1.4436170e-04   4.3050060e-05
   4.6958692e+04  -1.4212130e-04   7.7995280e-05
   4.7461308e+04  -1.3184750e-04   1.1425150e-04
   4.7969304e+04  -1.1282520e-04   1.5006690e-04
   4.8482737e+04  -8.4698950e-05   1.8343650e-04
   4.9001666e+04  -7.1715170e-05   1.6244930e-04
   4.9526149e+04  -6.0616190e-05   1.4381460e-04
   5.0056245e+04  -5.1138640e-05   1.2727500e-04
   5.0592016e+04  -4.3054950e-05   1.1260050e-04
   5.1133520e+04  -3.6168500e-05   9.9585550e-05
   5.1680821e+04  -3.0309610e-05   8.8046670e-05
   5.2233980e+04  -2.5331820e-05   7.7820100e-05
   5.2793060e+04  -2.1108900e-05   6.8759790e-05
   5.3358123e+04  -1.7532040e-05   6.0735470e-05
   5.3929235e+04  -1.4507600e-05   5.3631060e-05
   5.4506459e+04  -2.3175440e-05   4.6917700e-05
   5.5089862e+04  -2.9962520e-05   3.9135040e-05
   5.5679509e+04  -3.4816800e-05   3.0706820e-05
   5.6275467e+04  -3.7767420e-05   2.2034110e-05
   5.6877804e+04  -3.8914330e-05   1.3482230e-05
   5.7486588e+04  -3.8416420e-05   5.3705540e-06
   5.8101888e+04  -3.6478760e-05  -2.0347270e-06
   5.8723774e+04  -3.3339260e-05  -8.5249720e-06
   5.9352316e+04  -2.9255870e-05  -1.3950720e-05
   5.9987585e+04  -2.4494110e-05  -1.8220810e-05
   6.0629655e+04  -2.1537520e-05  -2.8237180e-05
   6.1278596e+04  -1.5015860e-05  -3.8487500e-05
   6.1934483e+04  -4.4328710e-06  -4.7854780e-05
   6.2597391e+04   1.0407670e-05  -5.4930840e-05
   6.3267394e+04   2.9273080e-05  -5.8078050e-05
   6.3944568e+04   5.1377390e-05  -5.5540140e-05
   6.4628990e+04   7.5277970e-05  -4.5605670e-05
   6.5320738e+04   9.8812230e-05  -2.6824210e-05
   6.6019890e+04   1.1909660e-04   1.7316710e-06
   6.6726525e+04   1.3260890e-04   4.0173160e-05
   6.7440723e+04   1.3958850e-04   3.0871780e-06
   6.8162566e+04   1.3632160e-04  -3.4798580e-05
   6.8892135e+04   1.2289280e-04  -7.0686240e-05
   6.9629513e+04   1.0014170e-04  -1.0188310e-04
   7.0374783e+04   6.9612390e-05  -1.2600290e-04
   7.1128030e+04   3.3449800e-05  -1.4114770e-04
   7.1889340e+04  -5.7505320e-06  -1.4605590e-04
   7.2658798e+04  -4.5127640e-05  -1.4020600e-04
   7.3436491e+04  -8.1763450e-05  -1.2386630e-04
   7.4222509e+04  -1.1289820e-04  -9.8087430e-05
   7.5016940e+04  -1.1919300e-04  -8.5250930e-05
   7.5819874e+04  -1.2414730e-04  -7.2147570e-05
   7.6631402e+04  -1.2776950e-04  -5.8907730e-05
   7.7451616e+04  -1.3007950e-04  -4.5657860e-05
   7.8280609e+04  -1.3110850e-04  -3.2519430e-05
   7.9118475e+04  -1.3089850e-04  -1.9608080e-05
   7.9965309e+04  -1.2950070e-04  -7.0327140e-06
   8.0821207e+04  -1.2697520e-04   5.1051510e-06
   8.1686266e+04  -1.2339000e-04   1.6712050e-05
   8.2560584e+04  -1.1882040e-04   2.7703100e-05
   8.3444260e+04  -1.1335090e-04   4.4093340e-05
   8.4337395e+04  -1.0564230e-04   5.9496750e-05
   8.5240089e+04  -9.5863060e-05   7.3610530e-05
   8.6152445e+04  -8.4222280e-05   8.6159690e-05
   8.7074566e+04  -7.0965140e-05   9.6902350e-05
   8.8006557e+04  -5.6367550e-05   1.0563430e-04
   8.8948524e+04  -4.0730720e-05   1.1219300e-04
   8.9900572e+04  -2.4374750e-05   1.1646050e-04
   9.0862811e+04  -7.6321940e-06   1.1836560e-04
   9.1835349e+04   9.1586210e-06   1.1788460e-04
   9.2818297e+04   4.7608660e-05   1.0626220e-04
   9.3811765e+04   7.9402510e-05   8.2727360e-05
   9.4815867e+04   1.0107190e-04   5.0356200e-05
   9.5830716e+04   1.1042210e-04   1.3151610e-05
   9.6856427e+04   1.0674610e-04  -2.4446630e-05
   9.7893117e+04   9.0861680e-05  -5.8087480e-05
   9.8940903e+04   6.4971080e-05  -8.4008080e-05
   9.9999904e+04   3.2364560e-05  -9.9450220e-05
